AC  Unkown_motifs_m1
XX
ID  Unkown_motifs_m1
XX
DE  aCCGGAwrtr
P0       A     C     G     T
1    61.5241 6.34759 17.8547 14.2736
2    9.02475 75.3795 11.624 3.97172
3    7.15008 91.5867 0.808489 0.454775
4        0     0   100     0
5        0     0 98.1055 1.89445
6    97.7616 0.916936 0.21575 1.10572
7    68.2803 3.63534 0.659258 27.4251
8    25.2383 8.00301 65.705 1.05369
9    6.65083 24.8456 7.2209 61.2827
10   36.6897 14.7586 29.8759 18.6759
XX
CC  program: transfac
CC  matrix.nb: 1
CC  accession: Unkown_motifs_m1
CC  AC: Unkown_motifs_m1
CC  id: Unkown_motifs_m1
CC  name: Unkown_motifs_m1
CC  version: 
CC  name: Unkown_motifs_m1
CC  description: aCCGGAwrtr
CC  transfac_consensus: 
CC  matrix.nb: 1
XX
//
AC  Unkown_motifs_m2
XX
ID  Unkown_motifs_m2
XX
DE  ctAATTAr
P0       A     C     G     T
1    14.8796 50.3282 11.3786 23.4136
2    11.1111 3.81526 23.494 61.5797
3    94.4559 3.08008 0.924025 1.54004
4    99.0312 0.322928 0.645856     0
5    0.749465 0.749465     0 98.5011
6    1.80542 1.70512 4.21264 92.2768
7    74.3735 13.2579 5.01213 7.35651
8    31.6348 11.6773 48.8323 7.85563
XX
CC  program: transfac
CC  matrix.nb: 2
CC  accession: Unkown_motifs_m2
CC  AC: Unkown_motifs_m2
CC  id: Unkown_motifs_m2
CC  name: Unkown_motifs_m2
CC  version: 
CC  name: Unkown_motifs_m2
CC  description: ctAATTAr
CC  transfac_consensus: 
CC  matrix.nb: 2
XX
//
AC  Unkown_motifs_m3
XX
ID  Unkown_motifs_m3
XX
DE  ctAATTAg
P0       A     C     G     T
1    7.08812 63.7931 9.00383 20.1149
2    10.7209 5.54529 22.1811 61.5527
3    98.5207 0.591716     0 0.887574
4      100     0     0     0
5        0     0 1.47929 98.5207
6    4.83871 2.95699 2.68817 89.5161
7    74.8315    20 2.47191 2.69663
8    24.3112 15.0729 53.9708 6.64506
XX
CC  program: transfac
CC  matrix.nb: 3
CC  accession: Unkown_motifs_m3
CC  AC: Unkown_motifs_m3
CC  id: Unkown_motifs_m3
CC  name: Unkown_motifs_m3
CC  version: 
CC  name: Unkown_motifs_m3
CC  description: ctAATTAg
CC  transfac_consensus: 
CC  matrix.nb: 3
XX
//
AC  Unkown_motifs_m4
XX
ID  Unkown_motifs_m4
XX
DE  ksmwCAGGAAGTracdy
P0       A     C     G     T
1    14.0948 2.81896 43.1754 39.9109
2        0 62.9081 25.8161 11.2758
3    33.8275 43.6209 11.2758 11.2758
4    37.0919 22.5517 11.2758 29.0806
5    14.5403 85.4597     0     0
6    88.7242 11.2758     0     0
7        0     0   100     0
8        0     0   100     0
9      100     0     0     0
10   85.4597 14.5403     0     0
11       0     0   100     0
12       0     0     0   100
13   45.1033 14.5403 40.3564     0
14   66.1725     0 22.5517 11.2758
15   11.2758 66.1725 11.2758 11.2758
16   37.0919     0 29.0806 33.8275
17   14.0948 43.1754 14.0948 28.6351
XX
CC  program: transfac
CC  matrix.nb: 4
CC  accession: Unkown_motifs_m4
CC  AC: Unkown_motifs_m4
CC  id: Unkown_motifs_m4
CC  name: Unkown_motifs_m4
CC  version: 
CC  name: Unkown_motifs_m4
CC  description: ksmwCAGGAAGTracdy
CC  transfac_consensus: 
CC  matrix.nb: 4
XX
//
AC  Unkown_motifs_m5
XX
ID  Unkown_motifs_m5
XX
DE  aACCCGGAAGTr
P0       A     C     G     T
1    56.4684 10.2927 15.1086 18.1303
2    74.8408 7.74947 1.59236 15.8174
3    15.1261 71.0466 5.72956 8.09778
4    1.5274 88.9488 9.43396 0.0898473
5    5.1088 94.3236 0.567644     0
6    0.0814996     0 99.9185     0
7        0     0 99.8371 0.162866
8    99.4616     0 0.269179 0.269179
9    98.5294 0.668449 0.26738 0.534759
10   3.3752 1.41287 94.741 0.470958
11   0.374883 5.24836 2.62418 91.7526
12   37.9473 7.81544 43.597 10.6403
XX
CC  program: transfac
CC  matrix.nb: 5
CC  accession: Unkown_motifs_m5
CC  AC: Unkown_motifs_m5
CC  id: Unkown_motifs_m5
CC  name: Unkown_motifs_m5
CC  version: 
CC  name: Unkown_motifs_m5
CC  description: aACCCGGAAGTr
CC  transfac_consensus: 
CC  matrix.nb: 5
XX
//
AC  Unkown_motifs_m6
XX
ID  Unkown_motifs_m6
XX
DE  gkTAATTAsy
P0       A     C     G     T
1    16.861 20.4598 43.6188 19.0603
2    22.7743 14.9717 30.3768 31.8773
3    0.179426 10.1077     0 89.7129
4    83.7054 9.15179 6.75223 0.390625
5    98.7817     0 0.95489 0.263418
6    0.0998336 0.0665557     0 99.8336
7    0.965825 3.73947 21.0005 74.2942
8    85.1547 1.5044 11.5243 1.81663
9    3.52221 41.7458 50.1378 4.59418
10   13.4955 32.8557 23.4588 30.1899
XX
CC  program: transfac
CC  matrix.nb: 6
CC  accession: Unkown_motifs_m6
CC  AC: Unkown_motifs_m6
CC  id: Unkown_motifs_m6
CC  name: Unkown_motifs_m6
CC  version: 
CC  name: Unkown_motifs_m6
CC  description: gkTAATTAsy
CC  transfac_consensus: 
CC  matrix.nb: 6
XX
//
AC  Unkown_motifs_m7
XX
ID  Unkown_motifs_m7
XX
DE  kTAATTrs
P0       A     C     G     T
1    23.7896 18.0328 31.3763 26.8014
2    6.74354 0.55905 1.04822 91.6492
3    91.108 2.36193 4.8628 1.66725
4    99.5446     0     0 0.455408
5    1.99786     0 4.42383 93.5783
6    5.70897 4.43686 8.47037 81.3838
7    43.5971 0.755396 50.7194 4.92806
8    15.8276 25.9344 35.2784 22.9596
XX
CC  program: transfac
CC  matrix.nb: 7
CC  accession: Unkown_motifs_m7
CC  AC: Unkown_motifs_m7
CC  id: Unkown_motifs_m7
CC  name: Unkown_motifs_m7
CC  version: 
CC  name: Unkown_motifs_m7
CC  description: kTAATTrs
CC  transfac_consensus: 
CC  matrix.nb: 7
XX
//
AC  Unkown_motifs_m8
XX
ID  Unkown_motifs_m8
XX
DE  syTAATr
P0       A     C     G     T
1    2.85088 43.2018 51.0965 2.85088
2        0 35.9649 17.5439 46.4912
3    8.77193     0     0 91.2281
4      100     0     0     0
5      100     0     0     0
6        0     0     0   100
7    41.2281     0 58.7719     0
XX
CC  program: transfac
CC  matrix.nb: 8
CC  accession: Unkown_motifs_m8
CC  AC: Unkown_motifs_m8
CC  id: Unkown_motifs_m8
CC  name: Unkown_motifs_m8
CC  version: 
CC  name: Unkown_motifs_m8
CC  description: syTAATr
CC  transfac_consensus: 
CC  matrix.nb: 8
XX
//
AC  Unkown_motifs_m9
XX
ID  Unkown_motifs_m9
XX
DE  kTAATTrs
P0       A     C     G     T
1    24.703 18.517 29.1001 27.6799
2    8.30828 1.21438 2.42876 88.0486
3    84.0854 5.19003 6.14307 4.58147
4    96.0771 0.787195 0.865914 2.26975
5    3.63747 0.754258 6.52068 89.0876
6    6.73439 6.14788 10.421 76.6967
7    39.5831 2.03499 51.2843 7.09765
8    16.4982 28.3939 31.9312 23.1767
XX
CC  program: transfac
CC  matrix.nb: 9
CC  accession: Unkown_motifs_m9
CC  AC: Unkown_motifs_m9
CC  id: Unkown_motifs_m9
CC  name: Unkown_motifs_m9
CC  version: 
CC  name: Unkown_motifs_m9
CC  description: kTAATTrs
CC  transfac_consensus: 
CC  matrix.nb: 9
XX
//
AC  Unkown_motifs_m10
XX
ID  Unkown_motifs_m10
XX
DE  wsyAATTAkc
P0       A     C     G     T
1    29.7229 10.2345 15.4334 44.6092
2    4.48859 27.7842 51.6476 16.0796
3    9.34672 36.4207     0 54.2326
4    95.5114 4.48859     0     0
5      100     0     0     0
6        0     0     0   100
7        0 2.2443     0 97.7557
8    97.7557     0 2.2443     0
9        0 18.3239 40.4261 41.25
10   3.84234 66.03 12.8195 17.3081
XX
CC  program: transfac
CC  matrix.nb: 10
CC  accession: Unkown_motifs_m10
CC  AC: Unkown_motifs_m10
CC  id: Unkown_motifs_m10
CC  name: Unkown_motifs_m10
CC  version: 
CC  name: Unkown_motifs_m10
CC  description: wsyAATTAkc
CC  transfac_consensus: 
CC  matrix.nb: 10
XX
//
AC  Unkown_motifs_m11
XX
ID  Unkown_motifs_m11
XX
DE  aACCGGAARYr
P0       A     C     G     T
1    53.7693 11.3987 18.0745 16.7575
2    96.8903 0.818331 1.88216 0.409165
3    4.22222 87.7037 8.07407     0
4    8.90253 90.8672 0.230238     0
5        0     0   100     0
6        0     0   100     0
7      100     0     0     0
8    89.1566 0.0753012     0 10.7681
9    71.3924 0.168776 28.4388     0
10   1.05386 25.7611 3.86417 69.3208
11   47.1111 10.2222    28 14.6667
XX
CC  program: transfac
CC  matrix.nb: 11
CC  accession: Unkown_motifs_m11
CC  AC: Unkown_motifs_m11
CC  id: Unkown_motifs_m11
CC  name: Unkown_motifs_m11
CC  version: 
CC  name: Unkown_motifs_m11
CC  description: aACCGGAARYr
CC  transfac_consensus: 
CC  matrix.nb: 11
XX
//
AC  Unkown_motifs_m12
XX
ID  Unkown_motifs_m12
XX
DE  ACCGGAArTr
P0       A     C     G     T
1    83.6735 1.63265 13.4694 1.22449
2    2.75591 80.7087 3.14961 13.3858
3    10.5932 86.8644 2.54237     0
4        0     0   100     0
5        0 1.44231 98.5577     0
6    96.2441 1.40845 1.40845 0.938967
7    87.234     0     0 12.766
8    26.9737 5.59211 67.4342     0
9        0 15.9533 4.28016 79.7665
10   30.3922 13.7255 45.098 10.7843
XX
CC  program: transfac
CC  matrix.nb: 12
CC  accession: Unkown_motifs_m12
CC  AC: Unkown_motifs_m12
CC  id: Unkown_motifs_m12
CC  name: Unkown_motifs_m12
CC  version: 
CC  name: Unkown_motifs_m12
CC  description: ACCGGAArTr
CC  transfac_consensus: 
CC  matrix.nb: 12
XX
//
AC  Unkown_motifs_m13
XX
ID  Unkown_motifs_m13
XX
DE  yrgCAGGAAGtrrst
P0       A     C     G     T
1    2.77778    25 13.8889 58.3333
2    44.4444     0 33.3333 22.2222
3    22.2222 22.2222 33.3333 22.2222
4        0 77.7778 22.2222     0
5    77.7778 11.1111 11.1111     0
6        0     0   100     0
7        0     0   100     0
8      100     0     0     0
9      100     0     0     0
10   11.1111     0 88.8889     0
11       0 22.2222 22.2222 55.5556
12   44.4444     0 55.5556     0
13   44.4444 11.1111 33.3333 11.1111
14   22.2222 33.3333 33.3333 11.1111
15   11.1111 11.1111 22.2222 55.5556
XX
CC  program: transfac
CC  matrix.nb: 13
CC  accession: Unkown_motifs_m13
CC  AC: Unkown_motifs_m13
CC  id: Unkown_motifs_m13
CC  name: Unkown_motifs_m13
CC  version: 
CC  name: Unkown_motifs_m13
CC  description: yrgCAGGAAGtrrst
CC  transfac_consensus: 
CC  matrix.nb: 13
XX
//
AC  Unkown_motifs_m14
XX
ID  Unkown_motifs_m14
XX
DE  aCCGGAAGTr
P0       A     C     G     T
1    60.4595 7.94595 19.2703 12.3243
2    9.5866 79.722 7.94726 2.74412
3    5.04414 94.0311 0.588483 0.336276
4    0.0446828     0 99.9553     0
5    0.0861698 0.17234 96.3809 3.36062
6    99.5107 0.311388 0.133452 0.044484
7    84.9601 1.63312     0 13.4068
8    16.3924 8.06452 73.634 1.90915
9    4.96221 16.0039 5.52087 73.513
10   34.7787 14.2155 29.0121 21.9937
XX
CC  program: transfac
CC  matrix.nb: 14
CC  accession: Unkown_motifs_m14
CC  AC: Unkown_motifs_m14
CC  id: Unkown_motifs_m14
CC  name: Unkown_motifs_m14
CC  version: 
CC  name: Unkown_motifs_m14
CC  description: aCCGGAAGTr
CC  transfac_consensus: 
CC  matrix.nb: 14
XX
//
AC  Unkown_motifs_m15
XX
ID  Unkown_motifs_m15
XX
DE  ACCGGAAGTg
P0       A     C     G     T
1    70.7237 8.88158  12.5 7.89474
2    6.47482 77.3381 5.03597 11.1511
3    3.79747 90.7173     0 5.48523
4        0     0 93.8865 6.11354
5        0     0 93.0736 6.92641
6    94.7137 3.52423     0 1.76211
7    75.1748     0     0 24.8252
8    20.2091 4.87805 74.9129     0
9        0 12.5984 2.75591 84.6457
10   24.0741 18.9815 45.3704 11.5741
XX
CC  program: transfac
CC  matrix.nb: 15
CC  accession: Unkown_motifs_m15
CC  AC: Unkown_motifs_m15
CC  id: Unkown_motifs_m15
CC  name: Unkown_motifs_m15
CC  version: 
CC  name: Unkown_motifs_m15
CC  description: ACCGGAAGTg
CC  transfac_consensus: 
CC  matrix.nb: 15
XX
//
AC  Unkown_motifs_m16
XX
ID  Unkown_motifs_m16
XX
DE  AmCCGGATgTr
P0       A     C     G     T
1    79.5599 1.73629 3.02561 15.6782
2    36.0687 52.2328 10.229 1.46947
3    1.08969 96.9824 1.92791     0
4    4.86953 95.0894 0.0205465 0.0205465
5    0.0431779 0.0431779 99.9136     0
6    0.129255     0 99.6984 0.17234
7    99.8274     0 0.129422 0.0431406
8    10.1527 1.31679 0.209924 88.3206
9    22.8247 8.75966 67.4537 0.961959
10   0.957254 22.1984 0.462122 76.3822
11   41.2921 12.2731 28.9326 17.5022
XX
CC  program: transfac
CC  matrix.nb: 16
CC  accession: Unkown_motifs_m16
CC  AC: Unkown_motifs_m16
CC  id: Unkown_motifs_m16
CC  name: Unkown_motifs_m16
CC  version: 
CC  name: Unkown_motifs_m16
CC  description: AmCCGGATgTr
CC  transfac_consensus: 
CC  matrix.nb: 16
XX
//
AC  Unkown_motifs_m17
XX
ID  Unkown_motifs_m17
XX
DE  TaATtrrww
P0       A     C     G     T
1    16.6699 7.95346 5.71793 69.6587
2    65.846 7.29594 16.4006 10.4575
3    86.0814 1.45542 4.41626 8.04695
4    5.74969 5.80748 3.74023 84.7026
5    14.6493 11.5235 18.4376 55.3896
6    42.771 7.14105 36.8133 13.2747
7    33.3758 21.0696 27.6004 17.9543
8    27.9203 23.321 20.2743 28.4843
9    26.9584 20.7863 18.9973 33.258
XX
CC  program: transfac
CC  matrix.nb: 17
CC  accession: Unkown_motifs_m17
CC  AC: Unkown_motifs_m17
CC  id: Unkown_motifs_m17
CC  name: Unkown_motifs_m17
CC  version: 
CC  name: Unkown_motifs_m17
CC  description: TaATtrrww
CC  transfac_consensus: 
CC  matrix.nb: 17
XX
//
AC  Unkown_motifs_m18
XX
ID  Unkown_motifs_m18
XX
DE  yTAATTAb
P0       A     C     G     T
1    5.07757 56.7735 3.76788 34.3811
2    9.60703 16.3832 2.99304 71.0167
3    88.6769 4.09017 3.6132 3.61973
4    97.026 1.10094 1.22963 0.643409
5    1.22455 1.41677 0.733305 96.6254
6    5.53808 4.69319 6.06846 83.7003
7    72.203 2.74512 17.7528 7.29904
8    19.3501 26.1956 26.9545 27.4998
XX
CC  program: transfac
CC  matrix.nb: 18
CC  accession: Unkown_motifs_m18
CC  AC: Unkown_motifs_m18
CC  id: Unkown_motifs_m18
CC  name: Unkown_motifs_m18
CC  version: 
CC  name: Unkown_motifs_m18
CC  description: yTAATTAb
CC  transfac_consensus: 
CC  matrix.nb: 18
XX
//
AC  Unkown_motifs_m19
XX
ID  Unkown_motifs_m19
XX
DE  wACCCGGAAGTa
P0       A     C     G     T
1    42.5669 16.1588 13.2041 28.0702
2    82.6408 3.13943 3.04709 11.1727
3    9.70488 69.4665 12.5426 8.28604
4    7.33568 75.1174 17.0775 0.469484
5    11.239 87.2038 1.08328 0.473934
6    0.136893 0.0684463 99.7947     0
7        0     0   100     0
8    99.2624 0.421496 0.105374 0.210748
9    97.6166 1.03627 0.932642 0.414508
10   12.5638 1.84949 84.7577 0.829082
11   2.8125 5.70312 2.26562 89.2188
12   51.2672 8.61694 23.8957 16.2201
XX
CC  program: transfac
CC  matrix.nb: 19
CC  accession: Unkown_motifs_m19
CC  AC: Unkown_motifs_m19
CC  id: Unkown_motifs_m19
CC  name: Unkown_motifs_m19
CC  version: 
CC  name: Unkown_motifs_m19
CC  description: wACCCGGAAGTa
CC  transfac_consensus: 
CC  matrix.nb: 19
XX
//
AC  Unkown_motifs_m20
XX
ID  Unkown_motifs_m20
XX
DE  rAmwAATTavs
P0       A     C     G     T
1    26.6667 13.3333 46.6667 13.3333
2    72.2222 5.55556 22.2222     0
3       55    25     5    15
4       40     0    10    50
5       75    10    10     5
6      100     0     0     0
7       10     0     0    90
8       10     5     5    80
9       55     5    20    20
10      25    45    25     5
11   15.7895 47.3684 31.5789 5.26316
XX
CC  program: transfac
CC  matrix.nb: 20
CC  accession: Unkown_motifs_m20
CC  AC: Unkown_motifs_m20
CC  id: Unkown_motifs_m20
CC  name: Unkown_motifs_m20
CC  version: 
CC  name: Unkown_motifs_m20
CC  description: rAmwAATTavs
CC  transfac_consensus: 
CC  matrix.nb: 20
XX
//
AC  Unkown_motifs_m21
XX
ID  Unkown_motifs_m21
XX
DE  tTCAGcACCatGGACAGckcC
P0       A     C     G     T
1    13.2621 10.9365 23.0044 52.797
2    3.63181 16.8441 9.14214 70.382
3    4.75892 85.5354 3.13087 6.57483
4    90.6367 1.87266 5.86767 1.62297
5    2.1197 2.74314 94.5137 0.623441
6    7.60125 60.9346 20.1246 11.3396
7    98.0697 0.435866 0.747198 0.747198
8    0.1868 98.7547 0.747198 0.311333
9    2.17933 92.2167 1.24533 4.35866
10   56.8847 12.5234 10.0935 20.4984
11   13.6534 23.3791 7.73067 55.2369
12   2.43142 0.436409 96.6958 0.436409
13   1.24688 0.311721 98.3167 0.124688
14   87.7105 6.9869 2.12102 3.18153
15   0.8125    80 14.5625 4.625
16   98.375 0.5625 0.4375 0.625
17   2.63488 0.815558 95.9849 0.564617
18   12.8688 63.2141 11.4878 12.4294
19   22.9899 1.94724 43.2161 31.8467
20   13.3962 58.6792 20.0629 7.86164
21   11.2579 70.0629 2.32704 16.3522
XX
CC  program: transfac
CC  matrix.nb: 21
CC  accession: Unkown_motifs_m21
CC  AC: Unkown_motifs_m21
CC  id: Unkown_motifs_m21
CC  name: Unkown_motifs_m21
CC  version: 
CC  name: Unkown_motifs_m21
CC  description: tTCAGcACCatGGACAGckcC
CC  transfac_consensus: 
CC  matrix.nb: 21
XX
//
AC  Unkown_motifs_m22
XX
ID  Unkown_motifs_m22
XX
DE  TTCAGCACCrCGGACAGmrsC
P0       A     C     G     T
1    7.14286 7.14286 10.7143    75
2        0 14.2857 10.7143    75
3        0 96.4286     0 3.57143
4      100     0     0     0
5        0     0   100     0
6        0 96.4286     0 3.57143
7      100     0     0     0
8        0   100     0     0
9        0   100     0     0
10   60.7143     0    25 14.2857
11   14.2857 71.4286 7.14286 7.14286
12   3.57143     0 96.4286     0
13       0     0   100     0
14   82.1429 3.57143     0 14.2857
15       0 92.8571 7.14286     0
16     100     0     0     0
17       0     0   100     0
18   35.7143 60.7143     0 3.57143
19      25 14.2857 57.1429 3.57143
20   7.14286 57.1429 28.5714 7.14286
21   14.2857 78.5714     0 7.14286
XX
CC  program: transfac
CC  matrix.nb: 22
CC  accession: Unkown_motifs_m22
CC  AC: Unkown_motifs_m22
CC  id: Unkown_motifs_m22
CC  name: Unkown_motifs_m22
CC  version: 
CC  name: Unkown_motifs_m22
CC  description: TTCAGCACCrCGGACAGmrsC
CC  transfac_consensus: 
CC  matrix.nb: 22
XX
//
AC  Unkown_motifs_m23
XX
ID  Unkown_motifs_m23
XX
DE  tTCAGCACCayGGA
P0       A     C     G     T
1    9.01469 7.54719 19.7065 63.7316
2    0.2096 10.2725 6.28931 83.2286
3    0.2096 97.065     0 2.7254
4      100     0     0     0
5    0.4193     0 99.5807     0
6    3.7736 82.1802 11.3208 2.7254
7    99.3711     0     0 0.6289
8        0   100     0     0
9    1.2579 92.4528 1.0482 5.2411
10   55.346 11.74 17.4004 15.5136
11   11.1111 35.8491 14.2558 38.7841
12   4.1929 5.0314 89.5178 1.2579
13   5.4507 4.6122 88.0503 1.8868
14   77.3585 10.0629 7.7568 4.8218
XX
CC  program: transfac
CC  matrix.nb: 23
CC  accession: Unkown_motifs_m23
CC  AC: Unkown_motifs_m23
CC  id: Unkown_motifs_m23
CC  name: Unkown_motifs_m23
CC  version: 
CC  name: Unkown_motifs_m23
CC  description: tTCAGCACCayGGA
CC  transfac_consensus: 
CC  matrix.nb: 23
XX
//
AC  Unkown_motifs_m24
XX
ID  Unkown_motifs_m24
XX
DE  AGCACCayGGACAGC
P0       A     C     G     T
1    98.5366     0 1.4634     0
2    1.4634     0 98.2927 0.2439
3    5.122 72.6829 14.3902 7.8049
4    99.2683     0     0 0.7317
5        0   100     0     0
6    1.2195 94.3903 0.731701 3.6585
7    59.7561 9.0244 13.9024 17.3171
8    11.2195 30.2439 7.0732 51.4634
9    0.7317     0 99.2683     0
10   0.7317     0 99.2683     0
11   93.9025 4.3902 0.2439 1.4634
12       0 84.8781 11.4634 3.6585
13     100     0     0     0
14   1.4634 0.2439 98.2927     0
15   9.26829 75.6097 6.34149 8.78049
XX
CC  program: transfac
CC  matrix.nb: 24
CC  accession: Unkown_motifs_m24
CC  AC: Unkown_motifs_m24
CC  id: Unkown_motifs_m24
CC  name: Unkown_motifs_m24
CC  version: 
CC  name: Unkown_motifs_m24
CC  description: AGCACCayGGACAGC
CC  transfac_consensus: 
CC  matrix.nb: 24
XX
//
AC  Unkown_motifs_m25
XX
ID  Unkown_motifs_m25
XX
DE  AGcACCayGGACAGCk
P0       A     C     G     T
1    98.7951     0 0.963899 0.241
2    0.4819 0.4819 99.0362     0
3    6.50601 67.7109    20 5.78311
4    99.2771     0 0.241 0.4819
5        0   100     0     0
6    1.6867 94.2169 0.241 3.8554
7    59.5181 11.3253 9.8795 19.2771
8    12.2892 27.4699 7.7108 52.5301
9    1.9277     0 98.0723     0
10   0.241     0 99.759     0
11   93.0121 4.3373 0.241 2.4096
12   0.4819 83.3735 13.253 2.8916
13     100     0     0     0
14   2.1687 0.241 97.5903     0
15   10.3614 73.0121 6.74701 9.87951
16   23.6145 0.963899 43.3735 32.0482
XX
CC  program: transfac
CC  matrix.nb: 25
CC  accession: Unkown_motifs_m25
CC  AC: Unkown_motifs_m25
CC  id: Unkown_motifs_m25
CC  name: Unkown_motifs_m25
CC  version: 
CC  name: Unkown_motifs_m25
CC  description: AGcACCayGGACAGCk
CC  transfac_consensus: 
CC  matrix.nb: 25
XX
//
AC  Unkown_motifs_m26
XX
ID  Unkown_motifs_m26
XX
DE  TCAGCACCayGGACA
P0       A     C     G     T
1    0.7109 11.8483 7.346 80.0948
2    0.237 95.0236 1.6588 3.0806
3    97.3934     0 2.1327 0.4739
4    0.7109     0 99.2891     0
5    5.6872 75.5924 13.7441 4.9763
6    98.8151     0 0.237 0.947899
7        0   100     0     0
8    0.4739 96.6825 0.9479 1.8957
9    54.9763 10.9005 18.0095 16.1137
10   9.0047 37.9147 10.6635 42.4171
11   1.8957     0 97.8673 0.237
12   1.1848     0 98.8152     0
13   88.1517 6.872 1.6588 3.3175
14   0.710899 86.0189 10.9005 2.3697
15   95.0236 1.6588 1.6588 1.6588
XX
CC  program: transfac
CC  matrix.nb: 26
CC  accession: Unkown_motifs_m26
CC  AC: Unkown_motifs_m26
CC  id: Unkown_motifs_m26
CC  name: Unkown_motifs_m26
CC  version: 
CC  name: Unkown_motifs_m26
CC  description: TCAGCACCayGGACA
CC  transfac_consensus: 
CC  matrix.nb: 26
XX
//
AC  Unkown_motifs_m27
XX
ID  Unkown_motifs_m27
XX
DE  TCAGCACCayGGACA
P0       A     C     G     T
1    2.004 7.41481 6.01201 84.5692
2    0.4008 96.5932 0.8016 2.2044
3    98.7976     0 1.2024     0
4    0.6012 0.6012 98.5972 0.2004
5    4.8096 78.7576 11.6232 4.8096
6    98.1964 0.4008     0 1.4028
7        0 99.3988 0.6012     0
8    1.8036 91.984 0.4008 5.8116
9    54.7094 10.02 19.0381 16.2325
10   10.02 36.6733 14.4289 38.8778
11   5.2104  5.01 89.5792 0.2004
12   4.2084 2.6052 91.5832 1.6032
13   78.958 8.81761 7.41481 4.8096
14   1.8036 77.1543 17.6353 3.4068
15   84.97 3.8076 7.81561 3.4068
XX
CC  program: transfac
CC  matrix.nb: 27
CC  accession: Unkown_motifs_m27
CC  AC: Unkown_motifs_m27
CC  id: Unkown_motifs_m27
CC  name: Unkown_motifs_m27
CC  version: 
CC  name: Unkown_motifs_m27
CC  description: TCAGCACCayGGACA
CC  transfac_consensus: 
CC  matrix.nb: 27
XX
//
AC  Unkown_motifs_m28
XX
ID  Unkown_motifs_m28
XX
DE  TCAGCACCayGGACAG
P0       A     C     G     T
1    1.4085 10.8652 5.23139 82.4949
2    0.4024 94.5674 1.8109 3.2193
3    96.7807 0.8048 2.0121 0.4024
4    1.006 0.804801 97.7868 0.4024
5    3.8229 79.6781 12.8773 3.6217
6    97.5855 0.2012 0.2012 2.0121
7        0 99.3964 0.4024 0.2012
8    0.603601 92.153 0.804801 6.43861
9    53.7223 11.4688 18.1087 16.7002
10   9.85919 33.8028 15.2918 41.0463
11   5.0302 5.0302 88.9336 1.006
12   5.0302 3.8229 89.5372 1.6097
13   78.0685 9.25551 6.84101 5.83501
14   2.6157 77.666 14.8893 4.829
15   82.8974 5.835 7.8471 3.4205
16   3.0181 6.0362 86.1167 4.829
XX
CC  program: transfac
CC  matrix.nb: 28
CC  accession: Unkown_motifs_m28
CC  AC: Unkown_motifs_m28
CC  id: Unkown_motifs_m28
CC  name: Unkown_motifs_m28
CC  version: 
CC  name: Unkown_motifs_m28
CC  description: TCAGCACCayGGACAG
CC  transfac_consensus: 
CC  matrix.nb: 28
XX
//
AC  Unkown_motifs_m29
XX
ID  Unkown_motifs_m29
XX
DE  MCMCmAMmCAmCMmCmmmsm
P0       A     C     G     T
1    27.2727 72.7273     0     0
2    9.09091 90.9091     0     0
3    27.2727 72.7273     0     0
4        0   100     0     0
5    63.6364 36.3636     0     0
6    81.8182 18.1818     0     0
7    72.7273 27.2727     0     0
8    36.3636 54.5455     0 9.09091
9        0   100     0     0
10     100     0     0     0
11   36.3636 63.6364     0     0
12   9.09091 90.9091     0     0
13   27.2727 72.7273     0     0
14   36.3636 54.5455 9.09091     0
15   18.1818 81.8182     0     0
16   36.3636 45.4545     0 18.1818
17   36.3636 45.4545 9.09091 9.09091
18   36.3636 54.5455     0 9.09091
19   9.09091 63.6364 27.2727     0
20   36.3636 36.3636 18.1818 9.09091
XX
CC  program: transfac
CC  matrix.nb: 29
CC  accession: Unkown_motifs_m29
CC  AC: Unkown_motifs_m29
CC  id: Unkown_motifs_m29
CC  name: Unkown_motifs_m29
CC  version: 
CC  name: Unkown_motifs_m29
CC  description: MCMCmAMmCAmCMmCmmmsm
CC  transfac_consensus: 
CC  matrix.nb: 29
XX
//
AC  Unkown_motifs_m30
XX
ID  Unkown_motifs_m30
XX
DE  MCCCAAMCmmMCMc
P0       A     C     G     T
1    27.2727 72.7273     0     0
2        0   100     0     0
3    9.09091 90.9091     0     0
4        0   100     0     0
5      100     0     0     0
6    81.8182 18.1818     0     0
7    72.7273 27.2727     0     0
8    18.1818 72.7273     0 9.09091
9    36.3636 63.6364     0     0
10   63.6364 36.3636     0     0
11   27.2727 72.7273     0     0
12   18.1818 81.8182     0     0
13   27.2727 72.7273     0     0
14   18.1818 63.6364 9.09091 9.09091
XX
CC  program: transfac
CC  matrix.nb: 30
CC  accession: Unkown_motifs_m30
CC  AC: Unkown_motifs_m30
CC  id: Unkown_motifs_m30
CC  name: Unkown_motifs_m30
CC  version: 
CC  name: Unkown_motifs_m30
CC  description: MCCCAAMCmmMCMc
CC  transfac_consensus: 
CC  matrix.nb: 30
XX
//
AC  Unkown_motifs_m31
XX
ID  Unkown_motifs_m31
XX
DE  amCmCmAAmCAmCmmCmmmsmy
P0       A     C     G     T
1    51.4788 19.7995 13.6214 15.1002
2    33.421 66.579     0     0
3    11.1403 85.6392 3.22051     0
4    26.98 66.579     0 6.44103
5        0 93.559 6.44103     0
6    65.1002 31.6793 3.22051     0
7    74.4988 15.8396 3.22051 6.44103
8    73.02 23.7594 3.22051     0
9    34.8998 47.5189 9.66154 7.91981
10   3.22051 93.559     0 3.22051
11   93.559 6.44103     0     0
12   31.6793 58.6592 9.66154     0
13   7.91981 88.8597 3.22051     0
14   30.2005 66.579 3.22051     0
15   34.8998 50.7394 14.3608     0
16   19.0601 77.7193 3.22051     0
17   38.1203 42.8196 3.22051 15.8396
18   34.8998 46.0401 11.1403 7.91981
19   34.8998 57.1804     0 7.91981
20   11.1403 61.8797 26.98     0
21   34.8998 41.3408 15.8396 7.91981
22   23.02 38.8597 11.8797 26.2406
XX
CC  program: transfac
CC  matrix.nb: 31
CC  accession: Unkown_motifs_m31
CC  AC: Unkown_motifs_m31
CC  id: Unkown_motifs_m31
CC  name: Unkown_motifs_m31
CC  version: 
CC  name: Unkown_motifs_m31
CC  description: amCmCmAAmCAmCmmCmmmsmy
CC  transfac_consensus: 
CC  matrix.nb: 31
XX
//
AC  Unkown_motifs_m32
XX
ID  Unkown_motifs_m32
XX
DE  GgmGCTGTCCrtGGTGCTGAm
P0       A     C     G     T
1    13.4328 1.7413 76.1194 8.7065
2    5.2239 21.8905 64.6766 8.209
3    26.6169 54.4776 1.7413 17.1642
4    7.71141 10.6965 72.1394 9.45271
5    0.4975 97.7612 0.4975 1.2438
6    0.995     0     0 99.005
7    2.2388 8.9552 88.806     0
8    3.9801 0.7463 6.2189 89.0547
9        0 98.5075     0 1.4925
10   0.2488 98.2587     0 1.4925
11   46.2687 9.20399 35.3234 9.20399
12   18.408 15.9204 9.9502 55.7214
13   2.2388 0.995 96.0199 0.7463
14       0     0   100     0
15   0.4975     0     0 99.5025
16   4.7264 13.6816 76.3681 5.22389
17       0 97.2637 1.4925 1.2438
18   0.7463 2.2388     0 97.0149
19   3.7313 1.4925 94.0299 0.7463
20   78.3582 6.4677 14.1791 0.995
21   55.4726 25.6219 8.7065 10.199
XX
CC  program: transfac
CC  matrix.nb: 32
CC  accession: Unkown_motifs_m32
CC  AC: Unkown_motifs_m32
CC  id: Unkown_motifs_m32
CC  name: Unkown_motifs_m32
CC  version: 
CC  name: Unkown_motifs_m32
CC  description: GgmGCTGTCCrtGGTGCTGAm
CC  transfac_consensus: 
CC  matrix.nb: 32
XX
//
AC  Unkown_motifs_m33
XX
ID  Unkown_motifs_m33
XX
DE  CAGCACCayGGACAG
P0       A     C     G     T
1    0.7653 94.3878 0.7653 4.0816
2    97.449     0 2.551     0
3    0.7653 1.0204 98.2143     0
4    7.1429 74.7449 12.7551 5.3571
5    99.7449     0     0 0.2551
6        0   100     0     0
7    0.5102 96.6837 0.2551 2.551
8    57.9082 9.4388 18.3673 14.2857
9    11.2245 38.2653 7.1429 43.3673
10   1.7857     0 98.2143     0
11   1.5306     0 98.4694     0
12   90.3062 5.86731 0.765301 3.0612
13   0.2551 89.2857 8.4184 2.0408
14   98.2143     0     0 1.7857
15   0.7653 0.2551 98.7245 0.2551
XX
CC  program: transfac
CC  matrix.nb: 33
CC  accession: Unkown_motifs_m33
CC  AC: Unkown_motifs_m33
CC  id: Unkown_motifs_m33
CC  name: Unkown_motifs_m33
CC  version: 
CC  name: Unkown_motifs_m33
CC  description: CAGCACCayGGACAG
CC  transfac_consensus: 
CC  matrix.nb: 33
XX
//
