AC  cluster_2
XX
ID  cluster_2
XX
DE  tTCAGCACCayGGACAGcgcC
P0       A     C     G     T
1    10.2013 8.92862 19.7802 61.0899
2    1.54227 15.103 8.77471 74.5801
3    1.83507 91.998 1.54112 4.62585
4    95.8839 0.62422 2.70216 0.789757
5    1.12117 1.41188 97.2591 0.207814
6    4.27505 77.9104 11.2687 6.54581
7    99.1907 0.145289 0.249066 0.414899
8    0.0622667 99.5849 0.249066 0.103778
9    0.97521 96.0789 0.746777 2.19915
10   57.7735 7.4912 17.0046 17.7307
11   12.381 43.377 8.02584 36.2162
12   2.49845 0.14547 97.1277 0.228403
13   0.913127 0.103907 98.9414 0.0415627
14   86.3027 5.59241 0.955773 7.14911
15   0.270833 87.221 10.2202 2.28793
16   99.1267 0.1875 0.145833  0.54
17   1.29289 0.437686 97.9154 0.354039
18   19.3453 65.3559 7.39477 7.90408
19   21.718 5.99141 51.6122 20.6783
20   9.58269 60.1662 23.5083 6.7428
21   11.4167 74.9179 1.35611 12.3093
XX
CC  consensus.strict: tTCAGCACCacGGACAGcgcC
CC  consensus.strict.rc: GGCGCTGTCCGTGGTGCTGAA
CC  consensus.IUPAC: tTCAGCACCayGGACAGcgcC
CC  consensus.IUPAC.rc: GGCGCTGTCCRTGGTGCTGAA
CC  consensus.regexp: tTCAGCACCa[ct]GGACAGcgcC
CC  consensus.regexp.rc: GGCGCTGTCC[AG]TGGTGCTGAA
XX
//
