AC  Unkown_motifs_m31
XX
ID  Unkown_motifs_m31
XX
DE  amCmCmAAmCAmCmmCmmmsmy
P0       A     C     G     T
1    51.4788 19.7995 13.6214 15.1002
2    33.421 66.579     0     0
3    11.1403 85.6392 3.22051     0
4    26.98 66.579     0 6.44103
5        0 93.559 6.44103     0
6    65.1002 31.6793 3.22051     0
7    74.4988 15.8396 3.22051 6.44103
8    73.02 23.7594 3.22051     0
9    34.8998 47.5189 9.66154 7.91981
10   3.22051 93.559     0 3.22051
11   93.559 6.44103     0     0
12   31.6793 58.6592 9.66154     0
13   7.91981 88.8597 3.22051     0
14   30.2005 66.579 3.22051     0
15   34.8998 50.7394 14.3608     0
16   19.0601 77.7193 3.22051     0
17   38.1203 42.8196 3.22051 15.8396
18   34.8998 46.0401 11.1403 7.91981
19   34.8998 57.1804     0 7.91981
20   11.1403 61.8797 26.98     0
21   34.8998 41.3408 15.8396 7.91981
22   23.02 38.8597 11.8797 26.2406
XX
CC  program: transfac
CC  matrix.nb: 1
CC  accession: Unkown_motifs_m31
CC  AC: Unkown_motifs_m31
CC  id: Unkown_motifs_m31
CC  name: Unkown_motifs_m31
CC  version: 
CC  name: Unkown_motifs_m31
CC  description: amCmCmAAmCAmCmmCmmmsmy
CC  transfac_consensus: 
CC  matrix.nb: 1
CC  consensus.strict: acCcCaAAcCAcCccCcccccc
CC  consensus.strict.rc: GGGGGGGGGGGTGGTTTGGGGT
CC  consensus.IUPAC: amCmCmAAmCAmCmmCmmmsmy
CC  consensus.IUPAC.rc: RKSKKKGKKGKTGKTTKGKGKT
CC  consensus.regexp: a[ac]C[ac]C[ac]AA[ac]CA[ac]C[ac][ac]C[ac][ac][ac][cg][ac][ct]
CC  consensus.regexp.rc: [AG][GT][CG][GT][GT][GT]G[GT][GT]G[GT]TG[GT]TT[GT]G[GT]G[GT]T
XX
//
