AC  Unkown_motifs_m4
XX
ID  Unkown_motifs_m4
XX
DE  ksmwCAGGAAGTracdy
P0       A     C     G     T
1    28.6351 14.0948 43.1754 14.0948
2    33.8275 29.0806     0 37.0919
3    11.2758 11.2758 66.1725 11.2758
4    11.2758 22.5517     0 66.1725
5        0 40.3564 14.5403 45.1033
6      100     0     0     0
7        0   100     0     0
8        0     0 14.5403 85.4597
9        0     0     0   100
10       0   100     0     0
11       0   100     0     0
12       0     0 11.2758 88.7242
13       0     0 85.4597 14.5403
14   29.0806 11.2758 22.5517 37.0919
15   11.2758 11.2758 43.6209 33.8275
16   11.2758 25.8161 62.9081     0
17   39.9109 43.1754 2.81896 14.0948
XX
CC  program: transfac
CC  matrix.nb: 1
CC  accession: Unkown_motifs_m4
CC  AC: Unkown_motifs_m4
CC  id: Unkown_motifs_m4
CC  name: Unkown_motifs_m4
CC  version: 
CC  name: Unkown_motifs_m4
CC  description: ksmwCAGGAAGTracdy
CC  transfac_consensus: 
CC  matrix.nb: 1
CC  consensus.strict: gtgttACTTCCTGtggc
CC  consensus.strict.rc: GCCACAGGAAGTAACAC
CC  consensus.IUPAC: rhgtyACTTCCTGwksm
CC  consensus.IUPAC.rc: KSMWCAGGAAGTRACDY
CC  consensus.regexp: [ag][act]gt[ct]ACTTCCTG[at][gt][cg][ac]
CC  consensus.regexp.rc: [GT][CG][AC][AT]CAGGAAGT[AG]AC[AGT][CT]
XX
//
