AC  Unkown_motifs_m22
XX
ID  Unkown_motifs_m22
XX
DE  TTCAGCACCrCGGACAGmrsC
P0       A     C     G     T
1    7.14286 7.14286 10.7143    75
2        0 14.2857 10.7143    75
3        0 96.4286     0 3.57143
4      100     0     0     0
5        0     0   100     0
6        0 96.4286     0 3.57143
7      100     0     0     0
8        0   100     0     0
9        0   100     0     0
10   60.7143     0    25 14.2857
11   14.2857 71.4286 7.14286 7.14286
12   3.57143     0 96.4286     0
13       0     0   100     0
14   82.1429 3.57143     0 14.2857
15       0 92.8571 7.14286     0
16     100     0     0     0
17       0     0   100     0
18   35.7143 60.7143     0 3.57143
19      25 14.2857 57.1429 3.57143
20   7.14286 57.1429 28.5714 7.14286
21   14.2857 78.5714     0 7.14286
XX
CC  program: transfac
CC  matrix.nb: 1
CC  accession: Unkown_motifs_m22
CC  AC: Unkown_motifs_m22
CC  id: Unkown_motifs_m22
CC  name: Unkown_motifs_m22
CC  version: 
CC  name: Unkown_motifs_m22
CC  description: TTCAGCACCrCGGACAGmrsC
CC  transfac_consensus: 
CC  matrix.nb: 1
CC  consensus.strict: TTCAGCACCaCGGACAGcgcC
CC  consensus.strict.rc: GGCGCTGTCCGTGGTGCTGAA
CC  consensus.IUPAC: TTCAGCACCaCGGACAGmgsC
CC  consensus.IUPAC.rc: GSCKCTGTCCGTGGTGCTGAA
CC  consensus.regexp: TTCAGCACCaCGGACAG[ac]g[cg]C
CC  consensus.regexp.rc: G[CG]C[GT]CTGTCCGTGGTGCTGAA
XX
//
