AC  Unkown_motifs_m31
XX
ID  Unkown_motifs_m31
XX
DE  amCmCmAAmCAmCmmCmmmsmy
P0       A     C     G     T
1    26.2406 11.8797 38.8597 23.02
2    7.91981 15.8396 41.3408 34.8998
3        0 26.98 61.8797 11.1403
4    7.91981     0 57.1804 34.8998
5    7.91981 11.1403 46.0401 34.8998
6    15.8396 3.22051 42.8196 38.1203
7        0 3.22051 77.7193 19.0601
8        0 14.3608 50.7394 34.8998
9        0 3.22051 66.579 30.2005
10       0 3.22051 88.8597 7.91981
11       0 9.66154 58.6592 31.6793
12       0     0 6.44103 93.559
13   3.22051     0 93.559 3.22051
14   7.91981 9.66154 47.5189 34.8998
15       0 3.22051 23.7594 73.02
16   6.44103 3.22051 15.8396 74.4988
17       0 3.22051 31.6793 65.1002
18       0 6.44103 93.559     0
19   6.44103     0 66.579 26.98
20       0 3.22051 85.6392 11.1403
21       0     0 66.579 33.421
22   15.1002 13.6214 19.7995 51.4788
XX
CC  program: transfac
CC  matrix.nb: 1
CC  accession: Unkown_motifs_m31
CC  AC: Unkown_motifs_m31
CC  id: Unkown_motifs_m31
CC  name: Unkown_motifs_m31
CC  version: 
CC  name: Unkown_motifs_m31
CC  description: amCmCmAAmCAmCmmCmmmsmy
CC  transfac_consensus: 
CC  matrix.nb: 1
CC  consensus.strict: ggggggGggGgTGgTTtGgGgt
CC  consensus.strict.rc: ACCCCAAACCACCCCCCCCCCC
CC  consensus.IUPAC: rkskkkGkkGkTGkTTkGkGkt
CC  consensus.IUPAC.rc: AMCMCMAAMCAMCMMCMMMSMY
CC  consensus.regexp: [ag][gt][cg][gt][gt][gt]G[gt][gt]G[gt]TG[gt]TT[gt]G[gt]G[gt]t
CC  consensus.regexp.rc: A[AC]C[AC]C[AC]AA[AC]CA[AC]C[AC][AC]C[AC][AC][AC][CG][AC][CT]
XX
//
