AC  Unkown_motifs_m22
XX
ID  Unkown_motifs_m22
XX
DE  TTCAGCACCrCGGACAGmrsC
P0       A     C     G     T
1    7.14286     0 78.5714 14.2857
2    7.14286 28.5714 57.1429 7.14286
3    3.57143 57.1429 14.2857    25
4    3.57143     0 60.7143 35.7143
5        0   100     0     0
6        0     0     0   100
7        0 7.14286 92.8571     0
8    14.2857     0 3.57143 82.1429
9        0   100     0     0
10       0 96.4286     0 3.57143
11   7.14286 7.14286 71.4286 14.2857
12   14.2857    25     0 60.7143
13       0     0   100     0
14       0     0   100     0
15       0     0     0   100
16   3.57143     0 96.4286     0
17       0   100     0     0
18       0     0     0   100
19   3.57143     0 96.4286     0
20      75 10.7143 14.2857     0
21      75 10.7143 7.14286 7.14286
XX
CC  program: transfac
CC  matrix.nb: 1
CC  accession: Unkown_motifs_m22
CC  AC: Unkown_motifs_m22
CC  id: Unkown_motifs_m22
CC  name: Unkown_motifs_m22
CC  version: 
CC  name: Unkown_motifs_m22
CC  description: TTCAGCACCrCGGACAGmrsC
CC  transfac_consensus: 
CC  matrix.nb: 1
CC  consensus.strict: GgcgCTGTCCGtGGTGCTGAA
CC  consensus.strict.rc: TTCAGCACCACGGACAGCGCC
CC  consensus.IUPAC: GsckCTGTCCGyGGTGCTGAA
CC  consensus.IUPAC.rc: TTCAGCACCRCGGACAGMGSC
CC  consensus.regexp: G[cg]c[gt]CTGTCCG[ct]GGTGCTGAA
CC  consensus.regexp.rc: TTCAGCACC[AG]CGGACAG[AC]G[CG]C
XX
//
