AC  Unkown_motifs_m21
XX
ID  Unkown_motifs_m21
XX
DE  tTCAGcACCatGGACAGckcC
P0       A     C     G     T
1    16.3522 2.32704 70.0629 11.2579
2    7.86164 20.0629 58.6792 13.3962
3    31.8467 43.2161 1.94724 22.9899
4    12.4294 11.4878 63.2141 12.8688
5    0.564617 95.9849 0.815558 2.63488
6    0.625 0.4375 0.5625 98.375
7    4.625 14.5625    80 0.8125
8    3.18153 2.12102 6.9869 87.7105
9    0.124688 98.3167 0.311721 1.24688
10   0.436409 96.6958 0.436409 2.43142
11   55.2369 7.73067 23.3791 13.6534
12   20.4984 10.0935 12.5234 56.8847
13   4.35866 1.24533 92.2167 2.17933
14   0.311333 0.747198 98.7547 0.1868
15   0.747198 0.747198 0.435866 98.0697
16   11.3396 20.1246 60.9346 7.60125
17   0.623441 94.5137 2.74314 2.1197
18   1.62297 5.86767 1.87266 90.6367
19   6.57483 3.13087 85.5354 4.75892
20   70.382 9.14214 16.8441 3.63181
21   52.797 23.0044 10.9365 13.2621
XX
CC  program: transfac
CC  matrix.nb: 1
CC  accession: Unkown_motifs_m21
CC  AC: Unkown_motifs_m21
CC  id: Unkown_motifs_m21
CC  name: Unkown_motifs_m21
CC  version: 
CC  name: Unkown_motifs_m21
CC  description: tTCAGcACCatGGACAGckcC
CC  transfac_consensus: 
CC  matrix.nb: 1
CC  consensus.strict: GgcgCTGTCCatGGTgCTGAa
CC  consensus.strict.rc: TTCAGCACCATGGACAGCGCC
CC  consensus.IUPAC: GgmgCTGTCCatGGTgCTGAa
CC  consensus.IUPAC.rc: TTCAGCACCATGGACAGCKCC
CC  consensus.regexp: Gg[ac]gCTGTCCatGGTgCTGAa
CC  consensus.regexp.rc: TTCAGCACCATGGACAGC[GT]CC
XX
//
