AC  Unkown_motifs_m29
XX
ID  Unkown_motifs_m29
XX
DE  MCMCmAMmCAmCMmCmmmsm
P0       A     C     G     T
1    27.2727 72.7273     0     0
2    9.09091 90.9091     0     0
3    27.2727 72.7273     0     0
4        0   100     0     0
5    63.6364 36.3636     0     0
6    81.8182 18.1818     0     0
7    72.7273 27.2727     0     0
8    36.3636 54.5455     0 9.09091
9        0   100     0     0
10     100     0     0     0
11   36.3636 63.6364     0     0
12   9.09091 90.9091     0     0
13   27.2727 72.7273     0     0
14   36.3636 54.5455 9.09091     0
15   18.1818 81.8182     0     0
16   36.3636 45.4545     0 18.1818
17   36.3636 45.4545 9.09091 9.09091
18   36.3636 54.5455     0 9.09091
19   9.09091 63.6364 27.2727     0
20   36.3636 36.3636 18.1818 9.09091
XX
CC  program: transfac
CC  matrix.nb: 29
CC  accession: Unkown_motifs_m29
CC  AC: Unkown_motifs_m29
CC  id: Unkown_motifs_m29
CC  name: Unkown_motifs_m29
CC  version: 
CC  name: Unkown_motifs_m29
CC  description: MCMCmAMmCAmCMmCmmmsm
CC  transfac_consensus: 
CC  matrix.nb: 29
XX
//
AC  Unkown_motifs_m30
XX
ID  Unkown_motifs_m30
XX
DE  MCCCAAMCmmMCMc
P0       A     C     G     T
1    27.2727 72.7273     0     0
2        0   100     0     0
3    9.09091 90.9091     0     0
4        0   100     0     0
5      100     0     0     0
6    81.8182 18.1818     0     0
7    72.7273 27.2727     0     0
8    18.1818 72.7273     0 9.09091
9    36.3636 63.6364     0     0
10   63.6364 36.3636     0     0
11   27.2727 72.7273     0     0
12   18.1818 81.8182     0     0
13   27.2727 72.7273     0     0
14   18.1818 63.6364 9.09091 9.09091
XX
CC  program: transfac
CC  matrix.nb: 30
CC  accession: Unkown_motifs_m30
CC  AC: Unkown_motifs_m30
CC  id: Unkown_motifs_m30
CC  name: Unkown_motifs_m30
CC  version: 
CC  name: Unkown_motifs_m30
CC  description: MCCCAAMCmmMCMc
CC  transfac_consensus: 
CC  matrix.nb: 30
XX
//
AC  Unkown_motifs_m31
XX
ID  Unkown_motifs_m31
XX
DE  amCmCmAAmCAmCmmCmmmsmy
P0       A     C     G     T
1    51.4788 19.7995 13.6214 15.1002
2    33.421 66.579     0     0
3    11.1403 85.6392 3.22051     0
4    26.98 66.579     0 6.44103
5        0 93.559 6.44103     0
6    65.1002 31.6793 3.22051     0
7    74.4988 15.8396 3.22051 6.44103
8    73.02 23.7594 3.22051     0
9    34.8998 47.5189 9.66154 7.91981
10   3.22051 93.559     0 3.22051
11   93.559 6.44103     0     0
12   31.6793 58.6592 9.66154     0
13   7.91981 88.8597 3.22051     0
14   30.2005 66.579 3.22051     0
15   34.8998 50.7394 14.3608     0
16   19.0601 77.7193 3.22051     0
17   38.1203 42.8196 3.22051 15.8396
18   34.8998 46.0401 11.1403 7.91981
19   34.8998 57.1804     0 7.91981
20   11.1403 61.8797 26.98     0
21   34.8998 41.3408 15.8396 7.91981
22   23.02 38.8597 11.8797 26.2406
XX
CC  program: transfac
CC  matrix.nb: 31
CC  accession: Unkown_motifs_m31
CC  AC: Unkown_motifs_m31
CC  id: Unkown_motifs_m31
CC  name: Unkown_motifs_m31
CC  version: 
CC  name: Unkown_motifs_m31
CC  description: amCmCmAAmCAmCmmCmmmsmy
CC  transfac_consensus: 
CC  matrix.nb: 31
XX
//
