AC  Unkown_motifs_m1
XX
ID  Unkown_motifs_m1
XX
DE  aCCGGAwrtr
P0       A     C     G     T
1    61.5241 6.34759 17.8547 14.2736
2    9.02475 75.3795 11.624 3.97172
3    7.15008 91.5867 0.808489 0.454775
4        0     0   100     0
5        0     0 98.1055 1.89445
6    97.7616 0.916936 0.21575 1.10572
7    68.2803 3.63534 0.659258 27.4251
8    25.2383 8.00301 65.705 1.05369
9    6.65083 24.8456 7.2209 61.2827
10   36.6897 14.7586 29.8759 18.6759
XX
CC  program: transfac
CC  matrix.nb: 1
CC  accession: Unkown_motifs_m1
CC  AC: Unkown_motifs_m1
CC  id: Unkown_motifs_m1
CC  name: Unkown_motifs_m1
CC  version: 
CC  name: Unkown_motifs_m1
CC  description: aCCGGAwrtr
CC  transfac_consensus: 
CC  matrix.nb: 1
XX
//
AC  Unkown_motifs_m4
XX
ID  Unkown_motifs_m4
XX
DE  ksmwCAGGAAGTracdy
P0       A     C     G     T
1    14.0948 2.81896 43.1754 39.9109
2        0 62.9081 25.8161 11.2758
3    33.8275 43.6209 11.2758 11.2758
4    37.0919 22.5517 11.2758 29.0806
5    14.5403 85.4597     0     0
6    88.7242 11.2758     0     0
7        0     0   100     0
8        0     0   100     0
9      100     0     0     0
10   85.4597 14.5403     0     0
11       0     0   100     0
12       0     0     0   100
13   45.1033 14.5403 40.3564     0
14   66.1725     0 22.5517 11.2758
15   11.2758 66.1725 11.2758 11.2758
16   37.0919     0 29.0806 33.8275
17   14.0948 43.1754 14.0948 28.6351
XX
CC  program: transfac
CC  matrix.nb: 4
CC  accession: Unkown_motifs_m4
CC  AC: Unkown_motifs_m4
CC  id: Unkown_motifs_m4
CC  name: Unkown_motifs_m4
CC  version: 
CC  name: Unkown_motifs_m4
CC  description: ksmwCAGGAAGTracdy
CC  transfac_consensus: 
CC  matrix.nb: 4
XX
//
AC  Unkown_motifs_m5
XX
ID  Unkown_motifs_m5
XX
DE  aACCCGGAAGTr
P0       A     C     G     T
1    56.4684 10.2927 15.1086 18.1303
2    74.8408 7.74947 1.59236 15.8174
3    15.1261 71.0466 5.72956 8.09778
4    1.5274 88.9488 9.43396 0.0898473
5    5.1088 94.3236 0.567644     0
6    0.0814996     0 99.9185     0
7        0     0 99.8371 0.162866
8    99.4616     0 0.269179 0.269179
9    98.5294 0.668449 0.26738 0.534759
10   3.3752 1.41287 94.741 0.470958
11   0.374883 5.24836 2.62418 91.7526
12   37.9473 7.81544 43.597 10.6403
XX
CC  program: transfac
CC  matrix.nb: 5
CC  accession: Unkown_motifs_m5
CC  AC: Unkown_motifs_m5
CC  id: Unkown_motifs_m5
CC  name: Unkown_motifs_m5
CC  version: 
CC  name: Unkown_motifs_m5
CC  description: aACCCGGAAGTr
CC  transfac_consensus: 
CC  matrix.nb: 5
XX
//
AC  Unkown_motifs_m11
XX
ID  Unkown_motifs_m11
XX
DE  aACCGGAARYr
P0       A     C     G     T
1    53.7693 11.3987 18.0745 16.7575
2    96.8903 0.818331 1.88216 0.409165
3    4.22222 87.7037 8.07407     0
4    8.90253 90.8672 0.230238     0
5        0     0   100     0
6        0     0   100     0
7      100     0     0     0
8    89.1566 0.0753012     0 10.7681
9    71.3924 0.168776 28.4388     0
10   1.05386 25.7611 3.86417 69.3208
11   47.1111 10.2222    28 14.6667
XX
CC  program: transfac
CC  matrix.nb: 11
CC  accession: Unkown_motifs_m11
CC  AC: Unkown_motifs_m11
CC  id: Unkown_motifs_m11
CC  name: Unkown_motifs_m11
CC  version: 
CC  name: Unkown_motifs_m11
CC  description: aACCGGAARYr
CC  transfac_consensus: 
CC  matrix.nb: 11
XX
//
AC  Unkown_motifs_m12
XX
ID  Unkown_motifs_m12
XX
DE  ACCGGAArTr
P0       A     C     G     T
1    83.6735 1.63265 13.4694 1.22449
2    2.75591 80.7087 3.14961 13.3858
3    10.5932 86.8644 2.54237     0
4        0     0   100     0
5        0 1.44231 98.5577     0
6    96.2441 1.40845 1.40845 0.938967
7    87.234     0     0 12.766
8    26.9737 5.59211 67.4342     0
9        0 15.9533 4.28016 79.7665
10   30.3922 13.7255 45.098 10.7843
XX
CC  program: transfac
CC  matrix.nb: 12
CC  accession: Unkown_motifs_m12
CC  AC: Unkown_motifs_m12
CC  id: Unkown_motifs_m12
CC  name: Unkown_motifs_m12
CC  version: 
CC  name: Unkown_motifs_m12
CC  description: ACCGGAArTr
CC  transfac_consensus: 
CC  matrix.nb: 12
XX
//
AC  Unkown_motifs_m13
XX
ID  Unkown_motifs_m13
XX
DE  yrgCAGGAAGtrrst
P0       A     C     G     T
1    2.77778    25 13.8889 58.3333
2    44.4444     0 33.3333 22.2222
3    22.2222 22.2222 33.3333 22.2222
4        0 77.7778 22.2222     0
5    77.7778 11.1111 11.1111     0
6        0     0   100     0
7        0     0   100     0
8      100     0     0     0
9      100     0     0     0
10   11.1111     0 88.8889     0
11       0 22.2222 22.2222 55.5556
12   44.4444     0 55.5556     0
13   44.4444 11.1111 33.3333 11.1111
14   22.2222 33.3333 33.3333 11.1111
15   11.1111 11.1111 22.2222 55.5556
XX
CC  program: transfac
CC  matrix.nb: 13
CC  accession: Unkown_motifs_m13
CC  AC: Unkown_motifs_m13
CC  id: Unkown_motifs_m13
CC  name: Unkown_motifs_m13
CC  version: 
CC  name: Unkown_motifs_m13
CC  description: yrgCAGGAAGtrrst
CC  transfac_consensus: 
CC  matrix.nb: 13
XX
//
AC  Unkown_motifs_m14
XX
ID  Unkown_motifs_m14
XX
DE  aCCGGAAGTr
P0       A     C     G     T
1    60.4595 7.94595 19.2703 12.3243
2    9.5866 79.722 7.94726 2.74412
3    5.04414 94.0311 0.588483 0.336276
4    0.0446828     0 99.9553     0
5    0.0861698 0.17234 96.3809 3.36062
6    99.5107 0.311388 0.133452 0.044484
7    84.9601 1.63312     0 13.4068
8    16.3924 8.06452 73.634 1.90915
9    4.96221 16.0039 5.52087 73.513
10   34.7787 14.2155 29.0121 21.9937
XX
CC  program: transfac
CC  matrix.nb: 14
CC  accession: Unkown_motifs_m14
CC  AC: Unkown_motifs_m14
CC  id: Unkown_motifs_m14
CC  name: Unkown_motifs_m14
CC  version: 
CC  name: Unkown_motifs_m14
CC  description: aCCGGAAGTr
CC  transfac_consensus: 
CC  matrix.nb: 14
XX
//
AC  Unkown_motifs_m15
XX
ID  Unkown_motifs_m15
XX
DE  ACCGGAAGTg
P0       A     C     G     T
1    70.7237 8.88158  12.5 7.89474
2    6.47482 77.3381 5.03597 11.1511
3    3.79747 90.7173     0 5.48523
4        0     0 93.8865 6.11354
5        0     0 93.0736 6.92641
6    94.7137 3.52423     0 1.76211
7    75.1748     0     0 24.8252
8    20.2091 4.87805 74.9129     0
9        0 12.5984 2.75591 84.6457
10   24.0741 18.9815 45.3704 11.5741
XX
CC  program: transfac
CC  matrix.nb: 15
CC  accession: Unkown_motifs_m15
CC  AC: Unkown_motifs_m15
CC  id: Unkown_motifs_m15
CC  name: Unkown_motifs_m15
CC  version: 
CC  name: Unkown_motifs_m15
CC  description: ACCGGAAGTg
CC  transfac_consensus: 
CC  matrix.nb: 15
XX
//
AC  Unkown_motifs_m16
XX
ID  Unkown_motifs_m16
XX
DE  AmCCGGATgTr
P0       A     C     G     T
1    79.5599 1.73629 3.02561 15.6782
2    36.0687 52.2328 10.229 1.46947
3    1.08969 96.9824 1.92791     0
4    4.86953 95.0894 0.0205465 0.0205465
5    0.0431779 0.0431779 99.9136     0
6    0.129255     0 99.6984 0.17234
7    99.8274     0 0.129422 0.0431406
8    10.1527 1.31679 0.209924 88.3206
9    22.8247 8.75966 67.4537 0.961959
10   0.957254 22.1984 0.462122 76.3822
11   41.2921 12.2731 28.9326 17.5022
XX
CC  program: transfac
CC  matrix.nb: 16
CC  accession: Unkown_motifs_m16
CC  AC: Unkown_motifs_m16
CC  id: Unkown_motifs_m16
CC  name: Unkown_motifs_m16
CC  version: 
CC  name: Unkown_motifs_m16
CC  description: AmCCGGATgTr
CC  transfac_consensus: 
CC  matrix.nb: 16
XX
//
AC  Unkown_motifs_m19
XX
ID  Unkown_motifs_m19
XX
DE  wACCCGGAAGTa
P0       A     C     G     T
1    42.5669 16.1588 13.2041 28.0702
2    82.6408 3.13943 3.04709 11.1727
3    9.70488 69.4665 12.5426 8.28604
4    7.33568 75.1174 17.0775 0.469484
5    11.239 87.2038 1.08328 0.473934
6    0.136893 0.0684463 99.7947     0
7        0     0   100     0
8    99.2624 0.421496 0.105374 0.210748
9    97.6166 1.03627 0.932642 0.414508
10   12.5638 1.84949 84.7577 0.829082
11   2.8125 5.70312 2.26562 89.2188
12   51.2672 8.61694 23.8957 16.2201
XX
CC  program: transfac
CC  matrix.nb: 19
CC  accession: Unkown_motifs_m19
CC  AC: Unkown_motifs_m19
CC  id: Unkown_motifs_m19
CC  name: Unkown_motifs_m19
CC  version: 
CC  name: Unkown_motifs_m19
CC  description: wACCCGGAAGTa
CC  transfac_consensus: 
CC  matrix.nb: 19
XX
//
