AC  Unkown_motifs_m2
XX
ID  Unkown_motifs_m2
XX
DE  ctAATTAr
P0       A     C     G     T
1    14.8796 50.3282 11.3786 23.4136
2    11.1111 3.81526 23.494 61.5797
3    94.4559 3.08008 0.924025 1.54004
4    99.0312 0.322928 0.645856     0
5    0.749465 0.749465     0 98.5011
6    1.80542 1.70512 4.21264 92.2768
7    74.3735 13.2579 5.01213 7.35651
8    31.6348 11.6773 48.8323 7.85563
XX
CC  program: transfac
CC  matrix.nb: 2
CC  accession: Unkown_motifs_m2
CC  AC: Unkown_motifs_m2
CC  id: Unkown_motifs_m2
CC  name: Unkown_motifs_m2
CC  version: 
CC  name: Unkown_motifs_m2
CC  description: ctAATTAr
CC  transfac_consensus: 
CC  matrix.nb: 2
XX
//
AC  Unkown_motifs_m3
XX
ID  Unkown_motifs_m3
XX
DE  ctAATTAg
P0       A     C     G     T
1    7.08812 63.7931 9.00383 20.1149
2    10.7209 5.54529 22.1811 61.5527
3    98.5207 0.591716     0 0.887574
4      100     0     0     0
5        0     0 1.47929 98.5207
6    4.83871 2.95699 2.68817 89.5161
7    74.8315    20 2.47191 2.69663
8    24.3112 15.0729 53.9708 6.64506
XX
CC  program: transfac
CC  matrix.nb: 3
CC  accession: Unkown_motifs_m3
CC  AC: Unkown_motifs_m3
CC  id: Unkown_motifs_m3
CC  name: Unkown_motifs_m3
CC  version: 
CC  name: Unkown_motifs_m3
CC  description: ctAATTAg
CC  transfac_consensus: 
CC  matrix.nb: 3
XX
//
AC  Unkown_motifs_m6
XX
ID  Unkown_motifs_m6
XX
DE  gkTAATTAsy
P0       A     C     G     T
1    16.861 20.4598 43.6188 19.0603
2    22.7743 14.9717 30.3768 31.8773
3    0.179426 10.1077     0 89.7129
4    83.7054 9.15179 6.75223 0.390625
5    98.7817     0 0.95489 0.263418
6    0.0998336 0.0665557     0 99.8336
7    0.965825 3.73947 21.0005 74.2942
8    85.1547 1.5044 11.5243 1.81663
9    3.52221 41.7458 50.1378 4.59418
10   13.4955 32.8557 23.4588 30.1899
XX
CC  program: transfac
CC  matrix.nb: 6
CC  accession: Unkown_motifs_m6
CC  AC: Unkown_motifs_m6
CC  id: Unkown_motifs_m6
CC  name: Unkown_motifs_m6
CC  version: 
CC  name: Unkown_motifs_m6
CC  description: gkTAATTAsy
CC  transfac_consensus: 
CC  matrix.nb: 6
XX
//
AC  Unkown_motifs_m7
XX
ID  Unkown_motifs_m7
XX
DE  kTAATTrs
P0       A     C     G     T
1    23.7896 18.0328 31.3763 26.8014
2    6.74354 0.55905 1.04822 91.6492
3    91.108 2.36193 4.8628 1.66725
4    99.5446     0     0 0.455408
5    1.99786     0 4.42383 93.5783
6    5.70897 4.43686 8.47037 81.3838
7    43.5971 0.755396 50.7194 4.92806
8    15.8276 25.9344 35.2784 22.9596
XX
CC  program: transfac
CC  matrix.nb: 7
CC  accession: Unkown_motifs_m7
CC  AC: Unkown_motifs_m7
CC  id: Unkown_motifs_m7
CC  name: Unkown_motifs_m7
CC  version: 
CC  name: Unkown_motifs_m7
CC  description: kTAATTrs
CC  transfac_consensus: 
CC  matrix.nb: 7
XX
//
AC  Unkown_motifs_m8
XX
ID  Unkown_motifs_m8
XX
DE  syTAATr
P0       A     C     G     T
1    2.85088 43.2018 51.0965 2.85088
2        0 35.9649 17.5439 46.4912
3    8.77193     0     0 91.2281
4      100     0     0     0
5      100     0     0     0
6        0     0     0   100
7    41.2281     0 58.7719     0
XX
CC  program: transfac
CC  matrix.nb: 8
CC  accession: Unkown_motifs_m8
CC  AC: Unkown_motifs_m8
CC  id: Unkown_motifs_m8
CC  name: Unkown_motifs_m8
CC  version: 
CC  name: Unkown_motifs_m8
CC  description: syTAATr
CC  transfac_consensus: 
CC  matrix.nb: 8
XX
//
AC  Unkown_motifs_m9
XX
ID  Unkown_motifs_m9
XX
DE  kTAATTrs
P0       A     C     G     T
1    24.703 18.517 29.1001 27.6799
2    8.30828 1.21438 2.42876 88.0486
3    84.0854 5.19003 6.14307 4.58147
4    96.0771 0.787195 0.865914 2.26975
5    3.63747 0.754258 6.52068 89.0876
6    6.73439 6.14788 10.421 76.6967
7    39.5831 2.03499 51.2843 7.09765
8    16.4982 28.3939 31.9312 23.1767
XX
CC  program: transfac
CC  matrix.nb: 9
CC  accession: Unkown_motifs_m9
CC  AC: Unkown_motifs_m9
CC  id: Unkown_motifs_m9
CC  name: Unkown_motifs_m9
CC  version: 
CC  name: Unkown_motifs_m9
CC  description: kTAATTrs
CC  transfac_consensus: 
CC  matrix.nb: 9
XX
//
AC  Unkown_motifs_m10
XX
ID  Unkown_motifs_m10
XX
DE  wsyAATTAkc
P0       A     C     G     T
1    29.7229 10.2345 15.4334 44.6092
2    4.48859 27.7842 51.6476 16.0796
3    9.34672 36.4207     0 54.2326
4    95.5114 4.48859     0     0
5      100     0     0     0
6        0     0     0   100
7        0 2.2443     0 97.7557
8    97.7557     0 2.2443     0
9        0 18.3239 40.4261 41.25
10   3.84234 66.03 12.8195 17.3081
XX
CC  program: transfac
CC  matrix.nb: 10
CC  accession: Unkown_motifs_m10
CC  AC: Unkown_motifs_m10
CC  id: Unkown_motifs_m10
CC  name: Unkown_motifs_m10
CC  version: 
CC  name: Unkown_motifs_m10
CC  description: wsyAATTAkc
CC  transfac_consensus: 
CC  matrix.nb: 10
XX
//
AC  Unkown_motifs_m17
XX
ID  Unkown_motifs_m17
XX
DE  TaATtrrww
P0       A     C     G     T
1    16.6699 7.95346 5.71793 69.6587
2    65.846 7.29594 16.4006 10.4575
3    86.0814 1.45542 4.41626 8.04695
4    5.74969 5.80748 3.74023 84.7026
5    14.6493 11.5235 18.4376 55.3896
6    42.771 7.14105 36.8133 13.2747
7    33.3758 21.0696 27.6004 17.9543
8    27.9203 23.321 20.2743 28.4843
9    26.9584 20.7863 18.9973 33.258
XX
CC  program: transfac
CC  matrix.nb: 17
CC  accession: Unkown_motifs_m17
CC  AC: Unkown_motifs_m17
CC  id: Unkown_motifs_m17
CC  name: Unkown_motifs_m17
CC  version: 
CC  name: Unkown_motifs_m17
CC  description: TaATtrrww
CC  transfac_consensus: 
CC  matrix.nb: 17
XX
//
AC  Unkown_motifs_m18
XX
ID  Unkown_motifs_m18
XX
DE  yTAATTAb
P0       A     C     G     T
1    5.07757 56.7735 3.76788 34.3811
2    9.60703 16.3832 2.99304 71.0167
3    88.6769 4.09017 3.6132 3.61973
4    97.026 1.10094 1.22963 0.643409
5    1.22455 1.41677 0.733305 96.6254
6    5.53808 4.69319 6.06846 83.7003
7    72.203 2.74512 17.7528 7.29904
8    19.3501 26.1956 26.9545 27.4998
XX
CC  program: transfac
CC  matrix.nb: 18
CC  accession: Unkown_motifs_m18
CC  AC: Unkown_motifs_m18
CC  id: Unkown_motifs_m18
CC  name: Unkown_motifs_m18
CC  version: 
CC  name: Unkown_motifs_m18
CC  description: yTAATTAb
CC  transfac_consensus: 
CC  matrix.nb: 18
XX
//
AC  Unkown_motifs_m20
XX
ID  Unkown_motifs_m20
XX
DE  rAmwAATTavs
P0       A     C     G     T
1    26.6667 13.3333 46.6667 13.3333
2    72.2222 5.55556 22.2222     0
3       55    25     5    15
4       40     0    10    50
5       75    10    10     5
6      100     0     0     0
7       10     0     0    90
8       10     5     5    80
9       55     5    20    20
10      25    45    25     5
11   15.7895 47.3684 31.5789 5.26316
XX
CC  program: transfac
CC  matrix.nb: 20
CC  accession: Unkown_motifs_m20
CC  AC: Unkown_motifs_m20
CC  id: Unkown_motifs_m20
CC  name: Unkown_motifs_m20
CC  version: 
CC  name: Unkown_motifs_m20
CC  description: rAmwAATTavs
CC  transfac_consensus: 
CC  matrix.nb: 20
XX
//
