AC  Unkown_motifs_m21
XX
ID  Unkown_motifs_m21
XX
DE  tTCAGcACCatGGACAGckcC
P0       A     C     G     T
1    13.2621 10.9365 23.0044 52.797
2    3.63181 16.8441 9.14214 70.382
3    4.75892 85.5354 3.13087 6.57483
4    90.6367 1.87266 5.86767 1.62297
5    2.1197 2.74314 94.5137 0.623441
6    7.60125 60.9346 20.1246 11.3396
7    98.0697 0.435866 0.747198 0.747198
8    0.1868 98.7547 0.747198 0.311333
9    2.17933 92.2167 1.24533 4.35866
10   56.8847 12.5234 10.0935 20.4984
11   13.6534 23.3791 7.73067 55.2369
12   2.43142 0.436409 96.6958 0.436409
13   1.24688 0.311721 98.3167 0.124688
14   87.7105 6.9869 2.12102 3.18153
15   0.8125    80 14.5625 4.625
16   98.375 0.5625 0.4375 0.625
17   2.63488 0.815558 95.9849 0.564617
18   12.8688 63.2141 11.4878 12.4294
19   22.9899 1.94724 43.2161 31.8467
20   13.3962 58.6792 20.0629 7.86164
21   11.2579 70.0629 2.32704 16.3522
XX
CC  program: transfac
CC  matrix.nb: 21
CC  accession: Unkown_motifs_m21
CC  AC: Unkown_motifs_m21
CC  id: Unkown_motifs_m21
CC  name: Unkown_motifs_m21
CC  version: 
CC  name: Unkown_motifs_m21
CC  description: tTCAGcACCatGGACAGckcC
CC  transfac_consensus: 
CC  matrix.nb: 21
XX
//
AC  Unkown_motifs_m22
XX
ID  Unkown_motifs_m22
XX
DE  TTCAGCACCrCGGACAGmrsC
P0       A     C     G     T
1    7.14286 7.14286 10.7143    75
2        0 14.2857 10.7143    75
3        0 96.4286     0 3.57143
4      100     0     0     0
5        0     0   100     0
6        0 96.4286     0 3.57143
7      100     0     0     0
8        0   100     0     0
9        0   100     0     0
10   60.7143     0    25 14.2857
11   14.2857 71.4286 7.14286 7.14286
12   3.57143     0 96.4286     0
13       0     0   100     0
14   82.1429 3.57143     0 14.2857
15       0 92.8571 7.14286     0
16     100     0     0     0
17       0     0   100     0
18   35.7143 60.7143     0 3.57143
19      25 14.2857 57.1429 3.57143
20   7.14286 57.1429 28.5714 7.14286
21   14.2857 78.5714     0 7.14286
XX
CC  program: transfac
CC  matrix.nb: 22
CC  accession: Unkown_motifs_m22
CC  AC: Unkown_motifs_m22
CC  id: Unkown_motifs_m22
CC  name: Unkown_motifs_m22
CC  version: 
CC  name: Unkown_motifs_m22
CC  description: TTCAGCACCrCGGACAGmrsC
CC  transfac_consensus: 
CC  matrix.nb: 22
XX
//
AC  Unkown_motifs_m23
XX
ID  Unkown_motifs_m23
XX
DE  tTCAGCACCayGGA
P0       A     C     G     T
1    9.01469 7.54719 19.7065 63.7316
2    0.2096 10.2725 6.28931 83.2286
3    0.2096 97.065     0 2.7254
4      100     0     0     0
5    0.4193     0 99.5807     0
6    3.7736 82.1802 11.3208 2.7254
7    99.3711     0     0 0.6289
8        0   100     0     0
9    1.2579 92.4528 1.0482 5.2411
10   55.346 11.74 17.4004 15.5136
11   11.1111 35.8491 14.2558 38.7841
12   4.1929 5.0314 89.5178 1.2579
13   5.4507 4.6122 88.0503 1.8868
14   77.3585 10.0629 7.7568 4.8218
XX
CC  program: transfac
CC  matrix.nb: 23
CC  accession: Unkown_motifs_m23
CC  AC: Unkown_motifs_m23
CC  id: Unkown_motifs_m23
CC  name: Unkown_motifs_m23
CC  version: 
CC  name: Unkown_motifs_m23
CC  description: tTCAGCACCayGGA
CC  transfac_consensus: 
CC  matrix.nb: 23
XX
//
AC  Unkown_motifs_m24
XX
ID  Unkown_motifs_m24
XX
DE  AGCACCayGGACAGC
P0       A     C     G     T
1    98.5366     0 1.4634     0
2    1.4634     0 98.2927 0.2439
3    5.122 72.6829 14.3902 7.8049
4    99.2683     0     0 0.7317
5        0   100     0     0
6    1.2195 94.3903 0.731701 3.6585
7    59.7561 9.0244 13.9024 17.3171
8    11.2195 30.2439 7.0732 51.4634
9    0.7317     0 99.2683     0
10   0.7317     0 99.2683     0
11   93.9025 4.3902 0.2439 1.4634
12       0 84.8781 11.4634 3.6585
13     100     0     0     0
14   1.4634 0.2439 98.2927     0
15   9.26829 75.6097 6.34149 8.78049
XX
CC  program: transfac
CC  matrix.nb: 24
CC  accession: Unkown_motifs_m24
CC  AC: Unkown_motifs_m24
CC  id: Unkown_motifs_m24
CC  name: Unkown_motifs_m24
CC  version: 
CC  name: Unkown_motifs_m24
CC  description: AGCACCayGGACAGC
CC  transfac_consensus: 
CC  matrix.nb: 24
XX
//
AC  Unkown_motifs_m25
XX
ID  Unkown_motifs_m25
XX
DE  AGcACCayGGACAGCk
P0       A     C     G     T
1    98.7951     0 0.963899 0.241
2    0.4819 0.4819 99.0362     0
3    6.50601 67.7109    20 5.78311
4    99.2771     0 0.241 0.4819
5        0   100     0     0
6    1.6867 94.2169 0.241 3.8554
7    59.5181 11.3253 9.8795 19.2771
8    12.2892 27.4699 7.7108 52.5301
9    1.9277     0 98.0723     0
10   0.241     0 99.759     0
11   93.0121 4.3373 0.241 2.4096
12   0.4819 83.3735 13.253 2.8916
13     100     0     0     0
14   2.1687 0.241 97.5903     0
15   10.3614 73.0121 6.74701 9.87951
16   23.6145 0.963899 43.3735 32.0482
XX
CC  program: transfac
CC  matrix.nb: 25
CC  accession: Unkown_motifs_m25
CC  AC: Unkown_motifs_m25
CC  id: Unkown_motifs_m25
CC  name: Unkown_motifs_m25
CC  version: 
CC  name: Unkown_motifs_m25
CC  description: AGcACCayGGACAGCk
CC  transfac_consensus: 
CC  matrix.nb: 25
XX
//
AC  Unkown_motifs_m26
XX
ID  Unkown_motifs_m26
XX
DE  TCAGCACCayGGACA
P0       A     C     G     T
1    0.7109 11.8483 7.346 80.0948
2    0.237 95.0236 1.6588 3.0806
3    97.3934     0 2.1327 0.4739
4    0.7109     0 99.2891     0
5    5.6872 75.5924 13.7441 4.9763
6    98.8151     0 0.237 0.947899
7        0   100     0     0
8    0.4739 96.6825 0.9479 1.8957
9    54.9763 10.9005 18.0095 16.1137
10   9.0047 37.9147 10.6635 42.4171
11   1.8957     0 97.8673 0.237
12   1.1848     0 98.8152     0
13   88.1517 6.872 1.6588 3.3175
14   0.710899 86.0189 10.9005 2.3697
15   95.0236 1.6588 1.6588 1.6588
XX
CC  program: transfac
CC  matrix.nb: 26
CC  accession: Unkown_motifs_m26
CC  AC: Unkown_motifs_m26
CC  id: Unkown_motifs_m26
CC  name: Unkown_motifs_m26
CC  version: 
CC  name: Unkown_motifs_m26
CC  description: TCAGCACCayGGACA
CC  transfac_consensus: 
CC  matrix.nb: 26
XX
//
AC  Unkown_motifs_m27
XX
ID  Unkown_motifs_m27
XX
DE  TCAGCACCayGGACA
P0       A     C     G     T
1    2.004 7.41481 6.01201 84.5692
2    0.4008 96.5932 0.8016 2.2044
3    98.7976     0 1.2024     0
4    0.6012 0.6012 98.5972 0.2004
5    4.8096 78.7576 11.6232 4.8096
6    98.1964 0.4008     0 1.4028
7        0 99.3988 0.6012     0
8    1.8036 91.984 0.4008 5.8116
9    54.7094 10.02 19.0381 16.2325
10   10.02 36.6733 14.4289 38.8778
11   5.2104  5.01 89.5792 0.2004
12   4.2084 2.6052 91.5832 1.6032
13   78.958 8.81761 7.41481 4.8096
14   1.8036 77.1543 17.6353 3.4068
15   84.97 3.8076 7.81561 3.4068
XX
CC  program: transfac
CC  matrix.nb: 27
CC  accession: Unkown_motifs_m27
CC  AC: Unkown_motifs_m27
CC  id: Unkown_motifs_m27
CC  name: Unkown_motifs_m27
CC  version: 
CC  name: Unkown_motifs_m27
CC  description: TCAGCACCayGGACA
CC  transfac_consensus: 
CC  matrix.nb: 27
XX
//
AC  Unkown_motifs_m28
XX
ID  Unkown_motifs_m28
XX
DE  TCAGCACCayGGACAG
P0       A     C     G     T
1    1.4085 10.8652 5.23139 82.4949
2    0.4024 94.5674 1.8109 3.2193
3    96.7807 0.8048 2.0121 0.4024
4    1.006 0.804801 97.7868 0.4024
5    3.8229 79.6781 12.8773 3.6217
6    97.5855 0.2012 0.2012 2.0121
7        0 99.3964 0.4024 0.2012
8    0.603601 92.153 0.804801 6.43861
9    53.7223 11.4688 18.1087 16.7002
10   9.85919 33.8028 15.2918 41.0463
11   5.0302 5.0302 88.9336 1.006
12   5.0302 3.8229 89.5372 1.6097
13   78.0685 9.25551 6.84101 5.83501
14   2.6157 77.666 14.8893 4.829
15   82.8974 5.835 7.8471 3.4205
16   3.0181 6.0362 86.1167 4.829
XX
CC  program: transfac
CC  matrix.nb: 28
CC  accession: Unkown_motifs_m28
CC  AC: Unkown_motifs_m28
CC  id: Unkown_motifs_m28
CC  name: Unkown_motifs_m28
CC  version: 
CC  name: Unkown_motifs_m28
CC  description: TCAGCACCayGGACAG
CC  transfac_consensus: 
CC  matrix.nb: 28
XX
//
AC  Unkown_motifs_m32
XX
ID  Unkown_motifs_m32
XX
DE  GgmGCTGTCCrtGGTGCTGAm
P0       A     C     G     T
1    13.4328 1.7413 76.1194 8.7065
2    5.2239 21.8905 64.6766 8.209
3    26.6169 54.4776 1.7413 17.1642
4    7.71141 10.6965 72.1394 9.45271
5    0.4975 97.7612 0.4975 1.2438
6    0.995     0     0 99.005
7    2.2388 8.9552 88.806     0
8    3.9801 0.7463 6.2189 89.0547
9        0 98.5075     0 1.4925
10   0.2488 98.2587     0 1.4925
11   46.2687 9.20399 35.3234 9.20399
12   18.408 15.9204 9.9502 55.7214
13   2.2388 0.995 96.0199 0.7463
14       0     0   100     0
15   0.4975     0     0 99.5025
16   4.7264 13.6816 76.3681 5.22389
17       0 97.2637 1.4925 1.2438
18   0.7463 2.2388     0 97.0149
19   3.7313 1.4925 94.0299 0.7463
20   78.3582 6.4677 14.1791 0.995
21   55.4726 25.6219 8.7065 10.199
XX
CC  program: transfac
CC  matrix.nb: 32
CC  accession: Unkown_motifs_m32
CC  AC: Unkown_motifs_m32
CC  id: Unkown_motifs_m32
CC  name: Unkown_motifs_m32
CC  version: 
CC  name: Unkown_motifs_m32
CC  description: GgmGCTGTCCrtGGTGCTGAm
CC  transfac_consensus: 
CC  matrix.nb: 32
XX
//
AC  Unkown_motifs_m33
XX
ID  Unkown_motifs_m33
XX
DE  CAGCACCayGGACAG
P0       A     C     G     T
1    0.7653 94.3878 0.7653 4.0816
2    97.449     0 2.551     0
3    0.7653 1.0204 98.2143     0
4    7.1429 74.7449 12.7551 5.3571
5    99.7449     0     0 0.2551
6        0   100     0     0
7    0.5102 96.6837 0.2551 2.551
8    57.9082 9.4388 18.3673 14.2857
9    11.2245 38.2653 7.1429 43.3673
10   1.7857     0 98.2143     0
11   1.5306     0 98.4694     0
12   90.3062 5.86731 0.765301 3.0612
13   0.2551 89.2857 8.4184 2.0408
14   98.2143     0     0 1.7857
15   0.7653 0.2551 98.7245 0.2551
XX
CC  program: transfac
CC  matrix.nb: 33
CC  accession: Unkown_motifs_m33
CC  AC: Unkown_motifs_m33
CC  id: Unkown_motifs_m33
CC  name: Unkown_motifs_m33
CC  version: 
CC  name: Unkown_motifs_m33
CC  description: CAGCACCayGGACAG
CC  transfac_consensus: 
CC  matrix.nb: 33
XX
//
