AC  cluster2_node_2_2motifs
XX
ID  cluster2_node_2_2motifs
XX
DE  tTCAGCACCayGGACAGckcC
P0       A     C     G     T
1    11.7306 9.8215 24.3132 54.1348
2    2.3134 15.5116 7.80492 74.3701
3    2.75261 89.7826 2.31168 5.15306
4    93.8258 0.93633 4.05323 1.18464
5    1.68175 2.11782 95.8887 0.311721
6    6.41257 68.6514 16.9031 8.033
7    98.7861 0.217933 0.373599 0.622349
8    0.0934 99.3774 0.373599 0.155667
9    1.46281 94.1183 1.12017 3.29873
10   56.303 11.2368 13.0069 19.4532
11   11.4287 29.3513 8.46733 50.7528
12   1.96196 0.218204 97.4772 0.342604
13   1.36969 0.155861 98.4121 0.062344
14   88.3826 6.6029 1.43366 3.58082
15   0.40625 84.403 11.7588 3.4319
16   98.69 0.28125 0.21875  0.81
17   1.93934 0.656529 96.8731 0.531058
18   11.1608 67.6767 11.0922 10.0704
19   20.077 1.84427 48.8469 29.2318
20   10.8026 61.6779 20.9767 6.54277
21   9.9822 73.0911 2.03417 14.8925
XX
CC  program: transfac
CC  matrix.nb: 1
CC  accession: cluster2_node_2_2motifs
CC  AC: cluster2_node_2_2motifs
CC  id: cluster2_node_2_2motifs
CC  name: cluster2_node_2_2motifs
CC  version: 
CC  name: cluster2_node_2_2motifs
CC  description: tTCAGCACCayGGACAGckcC
CC  transfac_consensus: 
CC  matrix.nb: 1
CC  consensus.strict: tTCAGCACCatGGACAGcgcC
CC  consensus.strict.rc: GGCGCTGTCCATGGTGCTGAA
CC  consensus.IUPAC: tTCAGCACCayGGACAGckcC
CC  consensus.IUPAC.rc: GGMGCTGTCCRTGGTGCTGAA
CC  consensus.regexp: tTCAGCACCa[ct]GGACAGc[gt]cC
CC  consensus.regexp.rc: GG[AC]GCTGTCC[AG]TGGTGCTGAA
XX
//
