	Unkown_motifs_m1	Unkown_motifs_m10	Unkown_motifs_m11	Unkown_motifs_m12	Unkown_motifs_m13	Unkown_motifs_m14	Unkown_motifs_m15	Unkown_motifs_m16	Unkown_motifs_m17	Unkown_motifs_m18	Unkown_motifs_m19	Unkown_motifs_m2	Unkown_motifs_m20	Unkown_motifs_m21	Unkown_motifs_m22	Unkown_motifs_m23	Unkown_motifs_m24	Unkown_motifs_m25	Unkown_motifs_m26	Unkown_motifs_m27	Unkown_motifs_m28	Unkown_motifs_m29	Unkown_motifs_m3	Unkown_motifs_m30	Unkown_motifs_m31	Unkown_motifs_m32	Unkown_motifs_m33	Unkown_motifs_m4	Unkown_motifs_m5	Unkown_motifs_m6	Unkown_motifs_m7	Unkown_motifs_m8	Unkown_motifs_m9
Unkown_motifs_m1	0	0.778476	0.14618	0.022922	0.468236	0.00929899999999995	0.021172	0.198099	0.85548	0.796821	0.254962	0.773043	0.792612	0.855812	0.833043	0.804189	0.793712	0.807509	0.797451	0.80257	0.8227	0.869754	0.779263	0.792183	0.86864	0.851705	0.807742	0.531861	0.252481	0.810281	0.781745	0.798895	0.789786
Unkown_motifs_m10	0.778476	0	0.750773	0.742554	0.738771	0.741369	0.758901	0.853786	0.31016	0.26416	0.738026	0.273664	0.259743	0.873771	0.890237	0.832295	0.878748	0.886138	0.859502	0.858709	0.865421	0.839427	0.279698	0.842064	0.848097	0.880319	0.894913	0.739123	0.761137	0.096915	0.234919	0.480922	0.235517
Unkown_motifs_m11	0.14618	0.750773	0	0.134153	0.469771	0.157185	0.161469	0.220534	0.797403	0.771439	0.261421	0.750031	0.741298	0.844803	0.833221	0.809853	0.781498	0.797368	0.770846	0.757767	0.772067	0.839121	0.758276	0.750901	0.810167	0.840234	0.772975	0.540739	0.263991	0.780475	0.767521	0.692413	0.774853
Unkown_motifs_m12	0.022922	0.742554	0.134153	0	0.462125	0.017298	0.010304	0.253307	0.803304	0.757248	0.269632	0.738926	0.769173	0.860091	0.833144	0.82287	0.831823	0.816787	0.823304	0.829131	0.851211	0.875196	0.747369	0.799394	0.873996	0.85803	0.841118	0.518081	0.257642	0.773954	0.734011	0.722697	0.740097
Unkown_motifs_m13	0.468236	0.738771	0.469771	0.462125	0	0.458288	0.476041	0.524383	0.769736	0.796008	0.360509	0.786145	0.746908	0.813784	0.820432	0.736853	0.783525	0.771493	0.788743	0.781523	0.793163	0.795901	0.794303	0.87821	0.831709	0.821858	0.789832	0.235644	0.374755	0.758636	0.782077	0.84216	0.786817
Unkown_motifs_m14	0.00929899999999995	0.741369	0.157185	0.017298	0.458288	0	0.015302	0.229669	0.799005	0.751727	0.232253	0.730925	0.75513	0.871238	0.843779	0.804908	0.820537	0.832354	0.816112	0.82063	0.84377	0.871263	0.738581	0.793707	0.869092	0.870809	0.831138	0.516631	0.228112	0.77221	0.738974	0.772979	0.746106
Unkown_motifs_m15	0.021172	0.758901	0.161469	0.010304	0.476041	0.015302	0	0.216008	0.827399	0.765035	0.256155	0.746483	0.777662	0.875957	0.847625	0.811587	0.831021	0.838412	0.820623	0.819195	0.834525	0.862649	0.74984	0.815957	0.881979	0.8734	0.841058	0.52106	0.239885	0.791045	0.735205	0.747417	0.740845
Unkown_motifs_m16	0.198099	0.853786	0.220534	0.253307	0.524383	0.229669	0.216008	0	0.854676	0.838074	0.235217	0.801651	0.835945	0.834512	0.83055	0.744395	0.770621	0.785393	0.759298	0.764542	0.77423	0.842506	0.79328	0.828395	0.854641	0.828929	0.76632	0.570088	0.229459	0.86818	0.869713	0.771372	0.870783
Unkown_motifs_m17	0.85548	0.31016	0.797403	0.803304	0.769736	0.799005	0.827399	0.854676	0	0.333578	0.777063	0.351392	0.328664	0.895301	0.903321	0.85913	0.919386	0.923589	0.888304	0.880715	0.893092	0.873892	0.363334	0.856349	0.886889	0.900653	0.923955	0.811424	0.810309	0.330115	0.318553	0.469816	0.318417
Unkown_motifs_m18	0.796821	0.26416	0.771439	0.757248	0.796008	0.751727	0.765035	0.838074	0.333578	0	0.760594	0.033712	0.354319	0.902547	0.910226	0.859993	0.912777	0.917067	0.8879	0.886306	0.891934	0.857991	0.040945	0.835235	0.872426	0.908174	0.937289	0.803465	0.77274	0.247156	0.072566	0.471959	0.083202
Unkown_motifs_m19	0.254962	0.738026	0.261421	0.269632	0.360509	0.232253	0.256155	0.235217	0.777063	0.760594	0	0.742935	0.769815	0.818613	0.813827	0.739122	0.752057	0.763577	0.763719	0.759617	0.754269	0.860462	0.750404	0.807623	0.829358	0.82465	0.754853	0.451533	0.013029	0.768548	0.763099	0.786146	0.769338
Unkown_motifs_m2	0.773043	0.273664	0.750031	0.738926	0.786145	0.730925	0.746483	0.801651	0.351392	0.033712	0.742935	0	0.350971	0.926479	0.92137	0.894733	0.910854	0.915017	0.894845	0.892848	0.898244	0.874613	0.00639199999999995	0.846055	0.883335	0.927245	0.947372	0.791583	0.759031	0.265169	0.090286	0.486744	0.0994699999999999
Unkown_motifs_m20	0.792612	0.259743	0.741298	0.769173	0.746908	0.75513	0.777662	0.835945	0.328664	0.354319	0.769815	0.350971	0	0.892882	0.904824	0.857503	0.887898	0.89444	0.871315	0.869594	0.880151	0.859512	0.369521	0.834186	0.870272	0.899616	0.901418	0.766696	0.785333	0.267899	0.362871	0.505679	0.362029
Unkown_motifs_m21	0.855812	0.873771	0.844803	0.860091	0.813784	0.871238	0.875957	0.834512	0.895301	0.902547	0.818613	0.926479	0.892882	0	0.046754	0.344125	0.287829	0.239309	0.29044	0.2959	0.248111	0.809247	0.921197	0.815898	0.800631	0.00561400000000001	0.289613	0.808118	0.809944	0.850809	0.897368	0.876869	0.899886
Unkown_motifs_m22	0.833043	0.890237	0.833221	0.833144	0.820432	0.843779	0.847625	0.83055	0.903321	0.910226	0.813827	0.92137	0.904824	0.046754	0	0.348154	0.310162	0.272268	0.299665	0.300759	0.254492	0.784663	0.926901	0.762707	0.778417	0.02928	0.298767	0.782989	0.818531	0.867301	0.912976	0.883331	0.915627
Unkown_motifs_m23	0.804189	0.832295	0.809853	0.82287	0.736853	0.804908	0.811587	0.744395	0.85913	0.859993	0.739122	0.894733	0.857503	0.344125	0.348154	0	0.393793	0.426996	0.190594	0.187933	0.235605	0.728887	0.88982	0.817583	0.747009	0.336985	0.297501	0.759363	0.739292	0.788491	0.864232	0.823536	0.866831
Unkown_motifs_m24	0.793712	0.878748	0.781498	0.831823	0.783525	0.820537	0.831021	0.770621	0.919386	0.912777	0.752057	0.910854	0.887898	0.287829	0.310162	0.393793	0	0.063146	0.236858	0.240446	0.181944	0.7849	0.907742	0.788671	0.758277	0.286587	0.126338	0.795555	0.74119	0.876797	0.902439	0.878512	0.904325
Unkown_motifs_m25	0.807509	0.886138	0.797368	0.816787	0.771493	0.832354	0.838412	0.785393	0.923589	0.917067	0.763577	0.915017	0.89444	0.239309	0.272268	0.426996	0.063146	0	0.28034	0.283917	0.228569	0.798877	0.911981	0.799789	0.773178	0.240749	0.179017	0.800919	0.752381	0.883869	0.908894	0.886616	0.910556
Unkown_motifs_m26	0.797451	0.859502	0.770846	0.823304	0.788743	0.816112	0.820623	0.759298	0.888304	0.8879	0.763719	0.894845	0.871315	0.29044	0.299665	0.190594	0.236858	0.28034	0	0.00344900000000004	0.065635	0.756938	0.888087	0.814135	0.739718	0.286096	0.125414	0.761071	0.764416	0.81814	0.886384	0.832974	0.889869
Unkown_motifs_m27	0.80257	0.858709	0.757767	0.829131	0.781523	0.82063	0.819195	0.764542	0.880715	0.886306	0.759617	0.892848	0.869594	0.2959	0.300759	0.187933	0.240446	0.283917	0.00344900000000004	0	0.062926	0.746691	0.886114	0.815204	0.729196	0.289614	0.129185	0.753146	0.770031	0.815136	0.887107	0.833598	0.890808
Unkown_motifs_m28	0.8227	0.865421	0.772067	0.851211	0.793163	0.84377	0.834525	0.77423	0.893092	0.891934	0.754269	0.898244	0.880151	0.248111	0.254492	0.235605	0.181944	0.228569	0.065635	0.062926	0	0.757019	0.891853	0.825804	0.739606	0.241937	0.067267	0.765667	0.745208	0.82868	0.895003	0.847103	0.898355
Unkown_motifs_m29	0.869754	0.839427	0.839121	0.875196	0.795901	0.871263	0.862649	0.842506	0.873892	0.857991	0.860462	0.874613	0.859512	0.809247	0.784663	0.728887	0.7849	0.798877	0.756938	0.746691	0.757019	0	0.858957	0.357445	0.0954	0.798752	0.763206	0.842956	0.866354	0.823249	0.851599	0.913985	0.853598
Unkown_motifs_m3	0.779263	0.279698	0.758276	0.747369	0.794303	0.738581	0.74984	0.79328	0.363334	0.040945	0.750404	0.00639199999999995	0.369521	0.921197	0.926901	0.88982	0.907742	0.911981	0.888087	0.886114	0.891853	0.858957	0	0.820127	0.867706	0.922254	0.940529	0.801807	0.766424	0.272845	0.104081	0.495211	0.114566
Unkown_motifs_m30	0.792183	0.842064	0.750901	0.799394	0.87821	0.793707	0.815957	0.828395	0.856349	0.835235	0.807623	0.846055	0.834186	0.815898	0.762707	0.817583	0.788671	0.799789	0.814135	0.815204	0.825804	0.357445	0.820127	0	0.415134	0.793871	0.784881	0.886683	0.804455	0.816627	0.805374	0.873136	0.806408
Unkown_motifs_m31	0.86864	0.848097	0.810167	0.873996	0.831709	0.869092	0.881979	0.854641	0.886889	0.872426	0.829358	0.883335	0.870272	0.800631	0.778417	0.747009	0.758277	0.773178	0.739718	0.729196	0.739606	0.0954	0.867706	0.415134	0	0.791933	0.745727	0.853638	0.836501	0.840824	0.867387	0.91578	0.86929
Unkown_motifs_m32	0.851705	0.880319	0.840234	0.85803	0.821858	0.870809	0.8734	0.828929	0.900653	0.908174	0.82465	0.927245	0.899616	0.00561400000000001	0.02928	0.336985	0.286587	0.240749	0.286096	0.289614	0.241937	0.798752	0.922254	0.793871	0.791933	0	0.285997	0.811003	0.81654	0.855224	0.905616	0.880554	0.907956
Unkown_motifs_m33	0.807742	0.894913	0.772975	0.841118	0.789832	0.831138	0.841058	0.76632	0.923955	0.937289	0.754853	0.947372	0.901418	0.289613	0.298767	0.297501	0.126338	0.179017	0.125414	0.129185	0.067267	0.763206	0.940529	0.784881	0.745727	0.285997	0	0.790056	0.742954	0.876288	0.908037	0.831344	0.909538
Unkown_motifs_m4	0.531861	0.739123	0.540739	0.518081	0.235644	0.516631	0.52106	0.570088	0.811424	0.803465	0.451533	0.791583	0.766696	0.808118	0.782989	0.759363	0.795555	0.800919	0.761071	0.753146	0.765667	0.842956	0.801807	0.886683	0.853638	0.811003	0.790056	0	0.454313	0.769939	0.809902	0.842725	0.815551
Unkown_motifs_m5	0.252481	0.761137	0.263991	0.257642	0.374755	0.228112	0.239885	0.229459	0.810309	0.77274	0.013029	0.759031	0.785333	0.809944	0.818531	0.739292	0.74119	0.752381	0.764416	0.770031	0.745208	0.866354	0.766424	0.804455	0.836501	0.81654	0.742954	0.454313	0	0.787096	0.759254	0.791137	0.763999
Unkown_motifs_m6	0.810281	0.096915	0.780475	0.773954	0.758636	0.77221	0.791045	0.86818	0.330115	0.247156	0.768548	0.265169	0.267899	0.850809	0.867301	0.788491	0.876797	0.883869	0.81814	0.815136	0.82868	0.823249	0.272845	0.816627	0.840824	0.855224	0.876288	0.769939	0.787096	0	0.256208	0.425261	0.261462
Unkown_motifs_m7	0.781745	0.234919	0.767521	0.734011	0.782077	0.738974	0.735205	0.869713	0.318553	0.072566	0.763099	0.090286	0.362871	0.897368	0.912976	0.864232	0.902439	0.908894	0.886384	0.887107	0.895003	0.851599	0.104081	0.805374	0.867387	0.905616	0.908037	0.809902	0.759254	0.256208	0	0.462561	0.00092099999999995
Unkown_motifs_m8	0.798895	0.480922	0.692413	0.722697	0.84216	0.772979	0.747417	0.771372	0.469816	0.471959	0.786146	0.486744	0.505679	0.876869	0.883331	0.823536	0.878512	0.886616	0.832974	0.833598	0.847103	0.913985	0.495211	0.873136	0.91578	0.880554	0.831344	0.842725	0.791137	0.425261	0.462561	0	0.460689
Unkown_motifs_m9	0.789786	0.235517	0.774853	0.740097	0.786817	0.746106	0.740845	0.870783	0.318417	0.083202	0.769338	0.0994699999999999	0.362029	0.899886	0.915627	0.866831	0.904325	0.910556	0.889869	0.890808	0.898355	0.853598	0.114566	0.806408	0.86929	0.907956	0.909538	0.815551	0.763999	0.261462	0.00092099999999995	0.460689	0
