AC  Unkown_motifs_m29
XX
ID  Unkown_motifs_m29
XX
DE  MCMCmAMmCAmCMmCmmmsm
P0       A     C     G     T
1    9.09091 18.1818 36.3636 36.3636
2        0 27.2727 63.6364 9.09091
3    9.09091     0 54.5455 36.3636
4    9.09091 9.09091 45.4545 36.3636
5    18.1818     0 45.4545 36.3636
6        0     0 81.8182 18.1818
7        0 9.09091 54.5455 36.3636
8        0     0 72.7273 27.2727
9        0     0 90.9091 9.09091
10       0     0 63.6364 36.3636
11       0     0     0   100
12       0     0   100     0
13   9.09091     0 54.5455 36.3636
14       0     0 27.2727 72.7273
15       0     0 18.1818 81.8182
16       0     0 36.3636 63.6364
17       0     0   100     0
18       0     0 72.7273 27.2727
19       0     0 90.9091 9.09091
20       0     0 72.7273 27.2727
XX
CC  program: transfac
CC  matrix.nb: 1
CC  accession: Unkown_motifs_m29
CC  AC: Unkown_motifs_m29
CC  id: Unkown_motifs_m29
CC  name: Unkown_motifs_m29
CC  version: 
CC  name: Unkown_motifs_m29
CC  description: MCMCmAMmCAmCMmCmmmsm
CC  transfac_consensus: 
CC  matrix.nb: 1
CC  consensus.strict: gggggGgGGgTGgTTtGGGG
CC  consensus.strict.rc: CCCCAAACCACCCCCCCCCC
CC  consensus.IUPAC: kskkkGkKGkTGkKTkGKGK
CC  consensus.IUPAC.rc: MCMCMAMMCAMCMMCMMMSM
CC  consensus.regexp: [gt][cg][gt][gt][gt]G[gt][GT]G[gt]TG[gt][GT]T[gt]G[GT]G[GT]
CC  consensus.regexp.rc: [AC]C[AC]C[AC]A[AC][AC]CA[AC]C[AC][AC]C[AC][AC][AC][CG][AC]
XX
//
