AC  Unkown_motifs_m26
XX
ID  Unkown_motifs_m26
XX
DE  TCAGCACCayGGACA
P0       A     C     G     T
1    1.6588 1.6588 1.6588 95.0236
2    2.3697 10.9005 86.0189 0.710899
3    3.3175 1.6588 6.872 88.1517
4        0 98.8152     0 1.1848
5    0.237 97.8673     0 1.8957
6    42.4171 10.6635 37.9147 9.0047
7    16.1137 18.0095 10.9005 54.9763
8    1.8957 0.9479 96.6825 0.4739
9        0     0   100     0
10   0.947899 0.237     0 98.8151
11   4.9763 13.7441 75.5924 5.6872
12       0 99.2891     0 0.7109
13   0.4739 2.1327     0 97.3934
14   3.0806 1.6588 95.0236 0.237
15   80.0948 7.346 11.8483 0.7109
XX
CC  program: transfac
CC  matrix.nb: 1
CC  accession: Unkown_motifs_m26
CC  AC: Unkown_motifs_m26
CC  id: Unkown_motifs_m26
CC  name: Unkown_motifs_m26
CC  version: 
CC  name: Unkown_motifs_m26
CC  description: TCAGCACCayGGACA
CC  transfac_consensus: 
CC  matrix.nb: 1
CC  consensus.strict: TGTCCatGGTGCTGA
CC  consensus.strict.rc: TCAGCACCATGGACA
CC  consensus.IUPAC: TGTCCrtGGTGCTGA
CC  consensus.IUPAC.rc: TCAGCACCAYGGACA
CC  consensus.regexp: TGTCC[ag]tGGTGCTGA
CC  consensus.regexp.rc: TCAGCACCA[CT]GGACA
XX
//
