AC  Unkown_motifs_m27
XX
ID  Unkown_motifs_m27
XX
DE  TCAGCACCayGGACA
P0       A     C     G     T
1    3.4068 7.81561 3.8076 84.97
2    3.4068 17.6353 77.1543 1.8036
3    4.8096 7.41481 8.81761 78.958
4    1.6032 91.5832 2.6052 4.2084
5    0.2004 89.5792  5.01 5.2104
6    38.8778 14.4289 36.6733 10.02
7    16.2325 19.0381 10.02 54.7094
8    5.8116 0.4008 91.984 1.8036
9        0 0.6012 99.3988     0
10   1.4028     0 0.4008 98.1964
11   4.8096 11.6232 78.7576 4.8096
12   0.2004 98.5972 0.6012 0.6012
13       0 1.2024     0 98.7976
14   2.2044 0.8016 96.5932 0.4008
15   84.5692 6.01201 7.41481 2.004
XX
CC  program: transfac
CC  matrix.nb: 1
CC  accession: Unkown_motifs_m27
CC  AC: Unkown_motifs_m27
CC  id: Unkown_motifs_m27
CC  name: Unkown_motifs_m27
CC  version: 
CC  name: Unkown_motifs_m27
CC  description: TCAGCACCayGGACA
CC  transfac_consensus: 
CC  matrix.nb: 1
CC  consensus.strict: TGTCCatGGTGCTGA
CC  consensus.strict.rc: TCAGCACCATGGACA
CC  consensus.IUPAC: TGTCCrtGGTGCTGA
CC  consensus.IUPAC.rc: TCAGCACCAYGGACA
CC  consensus.regexp: TGTCC[ag]tGGTGCTGA
CC  consensus.regexp.rc: TCAGCACCA[CT]GGACA
XX
//
