AC  Unkown_motifs_m33
XX
ID  Unkown_motifs_m33
XX
DE  CAGCACCayGGACAG
P0       A     C     G     T
1    0.2551 98.7245 0.2551 0.7653
2    1.7857     0     0 98.2143
3    2.0408 8.4184 89.2857 0.2551
4    3.0612 0.765301 5.86731 90.3062
5        0 98.4694     0 1.5306
6        0 98.2143     0 1.7857
7    43.3673 7.1429 38.2653 11.2245
8    14.2857 18.3673 9.4388 57.9082
9    2.551 0.2551 96.6837 0.5102
10       0     0   100     0
11   0.2551     0     0 99.7449
12   5.3571 12.7551 74.7449 7.1429
13       0 98.2143 1.0204 0.7653
14       0 2.551     0 97.449
15   4.0816 0.7653 94.3878 0.7653
XX
CC  program: transfac
CC  matrix.nb: 1
CC  accession: Unkown_motifs_m33
CC  AC: Unkown_motifs_m33
CC  id: Unkown_motifs_m33
CC  name: Unkown_motifs_m33
CC  version: 
CC  name: Unkown_motifs_m33
CC  description: CAGCACCayGGACAG
CC  transfac_consensus: 
CC  matrix.nb: 1
CC  consensus.strict: CTGTCCatGGTGCTG
CC  consensus.strict.rc: CAGCACCATGGACAG
CC  consensus.IUPAC: CTGTCCrtGGTGCTG
CC  consensus.IUPAC.rc: CAGCACCAYGGACAG
CC  consensus.regexp: CTGTCC[ag]tGGTGCTG
CC  consensus.regexp.rc: CAGCACCA[CT]GGACAG
XX
//
