AC  Unkown_motifs_m4
XX
ID  Unkown_motifs_m4
XX
DE  ksmwCAGGAAGTracdy
P0       A     C     G     T
1    14.0948 2.81896 43.1754 39.9109
2        0 62.9081 25.8161 11.2758
3    33.8275 43.6209 11.2758 11.2758
4    37.0919 22.5517 11.2758 29.0806
5    14.5403 85.4597     0     0
6    88.7242 11.2758     0     0
7        0     0   100     0
8        0     0   100     0
9      100     0     0     0
10   85.4597 14.5403     0     0
11       0     0   100     0
12       0     0     0   100
13   45.1033 14.5403 40.3564     0
14   66.1725     0 22.5517 11.2758
15   11.2758 66.1725 11.2758 11.2758
16   37.0919     0 29.0806 33.8275
17   14.0948 43.1754 14.0948 28.6351
XX
CC  program: transfac
CC  matrix.nb: 1
CC  accession: Unkown_motifs_m4
CC  AC: Unkown_motifs_m4
CC  id: Unkown_motifs_m4
CC  name: Unkown_motifs_m4
CC  version: 
CC  name: Unkown_motifs_m4
CC  description: ksmwCAGGAAGTracdy
CC  transfac_consensus: 
CC  matrix.nb: 1
CC  consensus.strict: gccaCAGGAAGTaacac
CC  consensus.strict.rc: GTGTTACTTCCTGTGGC
CC  consensus.IUPAC: ksmwCAGGAAGTracdy
CC  consensus.IUPAC.rc: RHGTYACTTCCTGWKSM
CC  consensus.regexp: [gt][cg][ac][at]CAGGAAGT[ag]ac[agt][ct]
CC  consensus.regexp.rc: [AG][ACT]GT[CT]ACTTCCTG[AT][GT][CG][AC]
XX
//
