AC  Unkown_motifs_m24
XX
ID  Unkown_motifs_m24
XX
DE  AGCACCayGGACAGC
P0       A     C     G     T
1    8.78049 6.34149 75.6097 9.26829
2        0 98.2927 0.2439 1.4634
3        0     0     0   100
4    3.6585 11.4634 84.8781     0
5    1.4634 0.2439 4.3902 93.9025
6        0 99.2683     0 0.7317
7        0 99.2683     0 0.7317
8    51.4634 7.0732 30.2439 11.2195
9    17.3171 13.9024 9.0244 59.7561
10   3.6585 0.731701 94.3903 1.2195
11       0     0   100     0
12   0.7317     0     0 99.2683
13   7.8049 14.3902 72.6829 5.122
14   0.2439 98.2927     0 1.4634
15       0 1.4634     0 98.5366
XX
CC  program: transfac
CC  matrix.nb: 1
CC  accession: Unkown_motifs_m24
CC  AC: Unkown_motifs_m24
CC  id: Unkown_motifs_m24
CC  name: Unkown_motifs_m24
CC  version: 
CC  name: Unkown_motifs_m24
CC  description: AGCACCayGGACAGC
CC  transfac_consensus: 
CC  matrix.nb: 1
CC  consensus.strict: GCTGTCCatGGTGCT
CC  consensus.strict.rc: AGCACCATGGACAGC
CC  consensus.IUPAC: GCTGTCCrtGGTGCT
CC  consensus.IUPAC.rc: AGCACCAYGGACAGC
CC  consensus.regexp: GCTGTCC[ag]tGGTGCT
CC  consensus.regexp.rc: AGCACCA[CT]GGACAGC
XX
//
