AC  Unkown_motifs_m32
XX
ID  Unkown_motifs_m32
XX
DE  GgmGCTGTCCrtGGTGCTGAm
P0       A     C     G     T
1    13.4328 1.7413 76.1194 8.7065
2    5.2239 21.8905 64.6766 8.209
3    26.6169 54.4776 1.7413 17.1642
4    7.71141 10.6965 72.1394 9.45271
5    0.4975 97.7612 0.4975 1.2438
6    0.995     0     0 99.005
7    2.2388 8.9552 88.806     0
8    3.9801 0.7463 6.2189 89.0547
9        0 98.5075     0 1.4925
10   0.2488 98.2587     0 1.4925
11   46.2687 9.20399 35.3234 9.20399
12   18.408 15.9204 9.9502 55.7214
13   2.2388 0.995 96.0199 0.7463
14       0     0   100     0
15   0.4975     0     0 99.5025
16   4.7264 13.6816 76.3681 5.22389
17       0 97.2637 1.4925 1.2438
18   0.7463 2.2388     0 97.0149
19   3.7313 1.4925 94.0299 0.7463
20   78.3582 6.4677 14.1791 0.995
21   55.4726 25.6219 8.7065 10.199
XX
CC  program: transfac
CC  matrix.nb: 1
CC  accession: Unkown_motifs_m32
CC  AC: Unkown_motifs_m32
CC  id: Unkown_motifs_m32
CC  name: Unkown_motifs_m32
CC  version: 
CC  name: Unkown_motifs_m32
CC  description: GgmGCTGTCCrtGGTGCTGAm
CC  transfac_consensus: 
CC  matrix.nb: 1
CC  consensus.strict: GgcGCTGTCCatGGTGCTGAa
CC  consensus.strict.rc: TTCAGCACCATGGACAGCGCC
CC  consensus.IUPAC: GgmGCTGTCCrtGGTGCTGAm
CC  consensus.IUPAC.rc: KTCAGCACCAYGGACAGCKCC
CC  consensus.regexp: Gg[ac]GCTGTCC[ag]tGGTGCTGA[ac]
CC  consensus.regexp.rc: [GT]TCAGCACCA[CT]GGACAGC[GT]CC
XX
//
