AC  Unkown_motifs_m28
XX
ID  Unkown_motifs_m28
XX
DE  TCAGCACCayGGACAG
P0       A     C     G     T
1    4.829 86.1167 6.0362 3.0181
2    3.4205 7.8471 5.835 82.8974
3    4.829 14.8893 77.666 2.6157
4    5.83501 6.84101 9.25551 78.0685
5    1.6097 89.5372 3.8229 5.0302
6    1.006 88.9336 5.0302 5.0302
7    41.0463 15.2918 33.8028 9.85919
8    16.7002 18.1087 11.4688 53.7223
9    6.43861 0.804801 92.153 0.603601
10   0.2012 0.4024 99.3964     0
11   2.0121 0.2012 0.2012 97.5855
12   3.6217 12.8773 79.6781 3.8229
13   0.4024 97.7868 0.804801 1.006
14   0.4024 2.0121 0.8048 96.7807
15   3.2193 1.8109 94.5674 0.4024
16   82.4949 5.23139 10.8652 1.4085
XX
CC  program: transfac
CC  matrix.nb: 1
CC  accession: Unkown_motifs_m28
CC  AC: Unkown_motifs_m28
CC  id: Unkown_motifs_m28
CC  name: Unkown_motifs_m28
CC  version: 
CC  name: Unkown_motifs_m28
CC  description: TCAGCACCayGGACAG
CC  transfac_consensus: 
CC  matrix.nb: 1
CC  consensus.strict: CTGTCCatGGTGCTGA
CC  consensus.strict.rc: TCAGCACCATGGACAG
CC  consensus.IUPAC: CTGTCCrtGGTGCTGA
CC  consensus.IUPAC.rc: TCAGCACCAYGGACAG
CC  consensus.regexp: CTGTCC[ag]tGGTGCTGA
CC  consensus.regexp.rc: TCAGCACCA[CT]GGACAG
XX
//
