AC  Unkown_motifs_m21
XX
ID  Unkown_motifs_m21
XX
DE  tTCAGcACCatGGACAGckcC
P0       A     C     G     T
1    13.2621 10.9365 23.0044 52.797
2    3.63181 16.8441 9.14214 70.382
3    4.75892 85.5354 3.13087 6.57483
4    90.6367 1.87266 5.86767 1.62297
5    2.1197 2.74314 94.5137 0.623441
6    7.60125 60.9346 20.1246 11.3396
7    98.0697 0.435866 0.747198 0.747198
8    0.1868 98.7547 0.747198 0.311333
9    2.17933 92.2167 1.24533 4.35866
10   56.8847 12.5234 10.0935 20.4984
11   13.6534 23.3791 7.73067 55.2369
12   2.43142 0.436409 96.6958 0.436409
13   1.24688 0.311721 98.3167 0.124688
14   87.7105 6.9869 2.12102 3.18153
15   0.8125    80 14.5625 4.625
16   98.375 0.5625 0.4375 0.625
17   2.63488 0.815558 95.9849 0.564617
18   12.8688 63.2141 11.4878 12.4294
19   22.9899 1.94724 43.2161 31.8467
20   13.3962 58.6792 20.0629 7.86164
21   11.2579 70.0629 2.32704 16.3522
XX
CC  program: transfac
CC  matrix.nb: 1
CC  accession: Unkown_motifs_m21
CC  AC: Unkown_motifs_m21
CC  id: Unkown_motifs_m21
CC  name: Unkown_motifs_m21
CC  version: 
CC  name: Unkown_motifs_m21
CC  description: tTCAGcACCatGGACAGckcC
CC  transfac_consensus: 
CC  matrix.nb: 1
CC  consensus.strict: tTCAGcACCatGGACAGcgcC
CC  consensus.strict.rc: GGCGCTGTCCATGGTGCTGAA
CC  consensus.IUPAC: tTCAGcACCatGGACAGckcC
CC  consensus.IUPAC.rc: GGMGCTGTCCATGGTGCTGAA
CC  consensus.regexp: tTCAGcACCatGGACAGc[gt]cC
CC  consensus.regexp.rc: GG[AC]GCTGTCCATGGTGCTGAA
XX
//
