AC  Unkown_motifs_m32
XX
ID  Unkown_motifs_m32
XX
DE  GgmGCTGTCCrtGGTGCTGAm
P0       A     C     G     T
1    10.199 8.7065 25.6219 55.4726
2    0.995 14.1791 6.4677 78.3582
3    0.7463 94.0299 1.4925 3.7313
4    97.0149     0 2.2388 0.7463
5    1.2438 1.4925 97.2637     0
6    5.22389 76.3681 13.6816 4.7264
7    99.5025     0     0 0.4975
8        0   100     0     0
9    0.7463 96.0199 0.995 2.2388
10   55.7214 9.9502 15.9204 18.408
11   9.20399 35.3234 9.20399 46.2687
12   1.4925     0 98.2587 0.2488
13   1.4925     0 98.5075     0
14   89.0547 6.2189 0.7463 3.9801
15       0 88.806 8.9552 2.2388
16   99.005     0     0 0.995
17   1.2438 0.4975 97.7612 0.4975
18   9.45271 72.1394 10.6965 7.71141
19   17.1642 1.7413 54.4776 26.6169
20   8.209 64.6766 21.8905 5.2239
21   8.7065 76.1194 1.7413 13.4328
XX
CC  program: transfac
CC  matrix.nb: 1
CC  accession: Unkown_motifs_m32
CC  AC: Unkown_motifs_m32
CC  id: Unkown_motifs_m32
CC  name: Unkown_motifs_m32
CC  version: 
CC  name: Unkown_motifs_m32
CC  description: GgmGCTGTCCrtGGTGCTGAm
CC  transfac_consensus: 
CC  matrix.nb: 1
CC  consensus.strict: tTCAGCACCatGGACAGCgcC
CC  consensus.strict.rc: GGCGCTGTCCATGGTGCTGAA
CC  consensus.IUPAC: kTCAGCACCayGGACAGCkcC
CC  consensus.IUPAC.rc: GGMGCTGTCCRTGGTGCTGAM
CC  consensus.regexp: [gt]TCAGCACCa[ct]GGACAGC[gt]cC
CC  consensus.regexp.rc: GG[AC]GCTGTCC[AG]TGGTGCTGA[AC]
XX
//
